1	1138188	1138257	C7orf50_1
1	1127256	1127386	C7orf50_2
1	1138217	1138257	C7orf50_1
1	1127256	1127386	C7orf50_2
1	1137314	1138247	C7orf50_1
1	1127256	1127386	C7orf50_2
1	1044545	1044658	GPR146_1
1	1057491	1059261	GPR146_2
1	1055284	1055483	GPR146_1
1	1057491	1059261	GPR146_2
1	1082207	1082274	GPER1_1
1	1091406	1092881	GPER1_2
1	1086806	1087244	GPER1_1
1	1088197	1088321	GPER1_2
1	1091406	1093815	GPER1_3
1	1086875	1087244	GPER1_1
1	1091406	1093815	GPER1_2
1	1088112	1088321	GPER1_1
1	1091406	1093810	GPER1_2
1	1091627	1092642	GPER1_1
1	1092924	1093809	GPER1_2
1	1092937	1093189	GPER1_1
1	1093422	1093741	GPER1_2
1	1159963	1160178	ZFAND2A_1
1	1158157	1158257	ZFAND2A_2
1	1157655	1157750	ZFAND2A_3
1	1155452	1155584	ZFAND2A_4
1	1153072	1153224	ZFAND2A_5
1	1152070	1152344	ZFAND2A_6
1	1159963	1160196	ZFAND2A_1
1	1158157	1158257	ZFAND2A_2
1	1157655	1157750	ZFAND2A_3
1	1155452	1155584	ZFAND2A_4
1	1152906	1153224	ZFAND2A_5
1	1232871	1233291	UNCX_1
1	1233519	1233695	UNCX_2
3	2432562	2446870	CHST12_2
3	2432562	2446870	CHST12_2
4	2915236	2915372	CARD11_21
4	2913286	2913466	CARD11_22
4	2912171	2912296	CARD11_23
4	2910049	2910165	CARD11_24
4	2906140	2906842	CARD11_25
5	7535749	7535873	COL28A1_1
5	7532751	7532912	COL28A1_2
5	7531347	7531904	COL28A1_3
5	7524228	7524249	COL28A1_4
5	7521904	7521961	COL28A1_5
5	7520061	7520115	COL28A1_6
5	7517795	7517837	COL28A1_7
5	7515813	7515840	COL28A1_8
5	7511090	7511135	COL28A1_9
5	7507116	7507161	COL28A1_10
5	7506013	7506067	COL28A1_11
5	7490577	7490646	COL28A1_12
5	7489388	7489457	COL28A1_13
5	7477111	7477180	COL28A1_14
5	7474600	7474669	COL28A1_15
5	7566874	7567072	MIOS_1
5	7568025	7568123	MIOS_2
5	7572435	7573769	MIOS_3
5	7574097	7574196	MIOS_4
5	7583117	7583372	MIOS_5
5	7585635	7585805	MIOS_6
5	7588497	7588563	MIOS_7
5	7589404	7589563	MIOS_8
5	7594979	7595132	MIOS_9
5	7596256	7596461	MIOS_10
5	7605941	7606071	MIOS_11
5	7606995	7607223	MIOS_12
5	7566883	7567072	MIOS_1
5	7567606	7567688	MIOS_2
5	7568025	7568123	MIOS_3
5	7572435	7573769	MIOS_4
5	7574097	7574196	MIOS_5
5	7583117	7583372	MIOS_6
5	7585635	7585805	MIOS_7
5	7588497	7588563	MIOS_8
5	7589404	7589563	MIOS_9
5	7594979	7595132	MIOS_10
5	7596256	7596461	MIOS_11
5	7605941	7606071	MIOS_12
5	7606995	7608932	MIOS_13
5	7718514	7718607	RPA3_1
5	7715174	7715226	RPA3_2
5	7687227	7687328	RPA3_3
5	7685829	7685998	RPA3_4
5	7640319	7641175	RPA3_5
5	7639069	7639144	RPA3_6
5	7637863	7637972	RPA3_7
5	7636517	7637082	RPA3_8
5	7640722	7640816	RPA3_1
5	7639069	7639144	RPA3_2
5	7637863	7637972	RPA3_3
5	7636926	7637082	RPA3_4
5	7640722	7640972	RPA3_1
5	7640319	7640581	RPA3_2
5	7639069	7639144	RPA3_3
5	7637863	7637972	RPA3_4
5	7636931	7637082	RPA3_5
5	7639904	7640026	RPA3_1
5	7639069	7639144	RPA3_2
5	7637863	7637972	RPA3_3
5	7636974	7637082	RPA3_4
5	7640751	7640821	UMAD1_1
5	7673308	7673453	UMAD1_2
5	7676101	7676208	UMAD1_3
5	7640775	7640821	UMAD1_1
5	7673321	7673453	UMAD1_2
5	7640793	7640821	UMAD1_1
5	7673308	7673453	UMAD1_2
8	29195076	29195276	CPVL_1
8	29186446	29186547	CPVL_2
8	29185512	29185597	CPVL_3
8	29184420	29184548	CPVL_4
8	29181289	29181412	CPVL_5
8	29194411	29194990	CHN2_1
8	29194941	29194990	CHN2_1
8	29208812	29208970	CHN2-AS1_1
8	29200691	29200747	CHN2-AS1_2
8	29199539	29200123	CHN2-AS1_3
9	35694183	35695135	HERPUD2_1
9	35673200	35673278	HERPUD2_2
9	35670214	35670328	HERPUD2_3
9	35667433	35667588	HERPUD2_4
9	35638349	35638472	HERPUD2_5
9	35635134	35635458	HERPUD2_6
9	35634311	35634429	HERPUD2_7
9	35632658	35633851	HERPUD2_8
9	35694800	35695135	HERPUD2_1
9	35694183	35694627	HERPUD2_2
9	35673200	35673278	HERPUD2_3
9	35670214	35670328	HERPUD2_4
9	35667433	35667588	HERPUD2_5
9	35638349	35638472	HERPUD2_6
9	35635134	35635458	HERPUD2_7
9	35634311	35634429	HERPUD2_8
9	35632658	35633851	HERPUD2_9
9	35751911	35753695	SEPTIN7-AS1_7
10	44188908	44189439	GCK_1
10	44188908	44189439	GCK_1
10	44188908	44189439	GCK_1
10	44188908	44188987	GCK_1
10	44200967	44201239	YKT6_1
10	44204567	44204650	YKT6_2
10	44206384	44206485	YKT6_3
10	44207387	44207492	YKT6_4
10	44208132	44208198	YKT6_5
10	44212246	44212889	YKT6_6
10	44200977	44201239	YKT6_1
10	44204567	44204650	YKT6_2
10	44206384	44206485	YKT6_3
10	44207387	44207492	YKT6_4
10	44208132	44208198	YKT6_5
10	44211022	44211124	YKT6_6
10	44212246	44214294	YKT6_7
10	44325356	44325496	CAMK2B_1
10	44284130	44284225	CAMK2B_2
10	44263004	44263064	CAMK2B_3
10	44258871	44258926	CAMK2B_4
10	44254541	44254607	CAMK2B_5
10	44247119	44247192	CAMK2B_6
10	44243424	44243527	CAMK2B_7
10	44243249	44243333	CAMK2B_8
10	44242559	44242654	CAMK2B_9
10	44242217	44242340	CAMK2B_10
10	44241699	44241783	CAMK2B_11
10	44240706	44240749	CAMK2B_12
10	44239588	44239663	CAMK2B_13
10	44234638	44234676	CAMK2B_14
10	44234389	44234461	CAMK2B_15
10	44232821	44232866	CAMK2B_16
10	44231005	44231054	CAMK2B_17
10	44220825	44220901	CAMK2B_18
10	44220615	44220710	CAMK2B_19
10	44220059	44220294	CAMK2B_20
10	44217149	44217735	CAMK2B_21
10	44325356	44325631	CAMK2B_1
10	44284130	44284225	CAMK2B_2
10	44263004	44263064	CAMK2B_3
10	44258871	44258926	CAMK2B_4
10	44254541	44254607	CAMK2B_5
10	44247119	44247192	CAMK2B_6
10	44243424	44243527	CAMK2B_7
10	44243249	44243333	CAMK2B_8
10	44242559	44242654	CAMK2B_9
10	44242217	44242340	CAMK2B_10
10	44241699	44241783	CAMK2B_11
10	44240706	44240749	CAMK2B_12
10	44234638	44234679	CAMK2B_13
10	44234389	44234461	CAMK2B_14
10	44232821	44232866	CAMK2B_15
10	44231005	44231054	CAMK2B_16
10	44220825	44220901	CAMK2B_17
10	44220615	44220710	CAMK2B_18
10	44220059	44220294	CAMK2B_19
10	44217149	44219522	CAMK2B_20
10	44325356	44325594	CAMK2B_1
10	44284130	44284225	CAMK2B_2
10	44263004	44263064	CAMK2B_3
10	44258871	44258926	CAMK2B_4
10	44254541	44254607	CAMK2B_5
10	44247119	44247192	CAMK2B_6
10	44243424	44243527	CAMK2B_7
10	44243249	44243333	CAMK2B_8
10	44242559	44242654	CAMK2B_9
10	44242217	44242340	CAMK2B_10
10	44241699	44241783	CAMK2B_11
10	44240706	44240749	CAMK2B_12
10	44239588	44239663	CAMK2B_13
10	44234638	44234676	CAMK2B_14
10	44234389	44234461	CAMK2B_15
10	44232821	44232866	CAMK2B_16
10	44231005	44231054	CAMK2B_17
10	44229387	44229501	CAMK2B_18
10	44228795	44228924	CAMK2B_19
10	44226515	44226644	CAMK2B_20
10	44220825	44220901	CAMK2B_21
10	44220615	44220710	CAMK2B_22
10	44220059	44220294	CAMK2B_23
10	44217153	44219522	CAMK2B_24
10	44325356	44325656	CAMK2B_1
10	44284130	44284225	CAMK2B_2
10	44263004	44263064	CAMK2B_3
10	44258871	44258926	CAMK2B_4
10	44254541	44254607	CAMK2B_5
10	44247119	44247192	CAMK2B_6
10	44243424	44243527	CAMK2B_7
10	44243249	44243333	CAMK2B_8
10	44242559	44242654	CAMK2B_9
10	44242217	44242340	CAMK2B_10
10	44241699	44241783	CAMK2B_11
10	44240706	44240749	CAMK2B_12
10	44239588	44239663	CAMK2B_13
10	44234638	44234676	CAMK2B_14
10	44234389	44234461	CAMK2B_15
10	44232821	44232866	CAMK2B_16
10	44231005	44231054	CAMK2B_17
10	44220825	44220901	CAMK2B_18
10	44220615	44220710	CAMK2B_19
10	44220059	44220294	CAMK2B_20
10	44219291	44219522	CAMK2B_21
10	44325356	44325625	CAMK2B_1
10	44284130	44284225	CAMK2B_2
10	44263004	44263064	CAMK2B_3
10	44258871	44258926	CAMK2B_4
10	44254541	44254607	CAMK2B_5
10	44247119	44247192	CAMK2B_6
10	44243424	44243527	CAMK2B_7
10	44243249	44243333	CAMK2B_8
10	44242559	44242654	CAMK2B_9
10	44242217	44242340	CAMK2B_10
10	44241699	44241783	CAMK2B_11
10	44240706	44240749	CAMK2B_12
10	44234638	44234679	CAMK2B_13
10	44234389	44234461	CAMK2B_14
10	44231005	44231054	CAMK2B_15
10	44220825	44220901	CAMK2B_16
10	44220615	44220710	CAMK2B_17
10	44220059	44220294	CAMK2B_18
10	44219345	44219522	CAMK2B_19
10	44325356	44325431	CAMK2B_1
10	44284130	44284225	CAMK2B_2
10	44263004	44263064	CAMK2B_3
10	44258871	44258926	CAMK2B_4
10	44254541	44254607	CAMK2B_5
10	44247119	44247192	CAMK2B_6
10	44243424	44243527	CAMK2B_7
10	44243249	44243333	CAMK2B_8
10	44242559	44242654	CAMK2B_9
10	44242217	44242340	CAMK2B_10
10	44241699	44241783	CAMK2B_11
10	44240706	44240749	CAMK2B_12
10	44234638	44234679	CAMK2B_13
10	44231005	44231054	CAMK2B_14
10	44220825	44220901	CAMK2B_15
10	44220615	44220710	CAMK2B_16
10	44220059	44220294	CAMK2B_17
10	44219350	44219522	CAMK2B_18
10	44325356	44325424	CAMK2B_1
10	44284130	44284225	CAMK2B_2
10	44263004	44263064	CAMK2B_3
10	44258871	44258926	CAMK2B_4
10	44254541	44254607	CAMK2B_5
10	44247119	44247192	CAMK2B_6
10	44243424	44243527	CAMK2B_7
10	44243249	44243333	CAMK2B_8
10	44242559	44242654	CAMK2B_9
10	44242217	44242340	CAMK2B_10
10	44241699	44241783	CAMK2B_11
10	44240706	44240749	CAMK2B_12
10	44239588	44239663	CAMK2B_13
10	44234638	44234676	CAMK2B_14
10	44232821	44232866	CAMK2B_15
10	44231005	44231054	CAMK2B_16
10	44220825	44220901	CAMK2B_17
10	44220615	44220632	CAMK2B_18
10	44220059	44220294	CAMK2B_19
10	44219429	44219522	CAMK2B_20
10	44325356	44325424	CAMK2B_1
10	44284130	44284225	CAMK2B_2
10	44263004	44263064	CAMK2B_3
10	44258871	44258926	CAMK2B_4
10	44254541	44254607	CAMK2B_5
10	44247119	44247192	CAMK2B_6
10	44243424	44243527	CAMK2B_7
10	44243249	44243333	CAMK2B_8
10	44242559	44242654	CAMK2B_9
10	44242217	44242340	CAMK2B_10
10	44241699	44241783	CAMK2B_11
10	44240706	44240749	CAMK2B_12
10	44220825	44220901	CAMK2B_13
10	44220615	44220710	CAMK2B_14
10	44220059	44220294	CAMK2B_15
10	44219429	44219522	CAMK2B_16
10	44325356	44325424	CAMK2B_1
10	44284130	44284225	CAMK2B_2
10	44263004	44263064	CAMK2B_3
10	44258871	44258926	CAMK2B_4
10	44254541	44254607	CAMK2B_5
10	44247119	44247192	CAMK2B_6
10	44243424	44243527	CAMK2B_7
10	44243249	44243333	CAMK2B_8
10	44242559	44242654	CAMK2B_9
10	44242217	44242340	CAMK2B_10
10	44241699	44241783	CAMK2B_11
10	44240706	44240749	CAMK2B_12
10	44234638	44234676	CAMK2B_13
10	44234389	44234461	CAMK2B_14
10	44232821	44232866	CAMK2B_15
10	44231005	44231054	CAMK2B_16
10	44220825	44220901	CAMK2B_17
10	44220615	44220710	CAMK2B_18
10	44220059	44220294	CAMK2B_19
10	44219429	44219522	CAMK2B_20
10	44325356	44325421	CAMK2B_1
10	44284130	44284225	CAMK2B_2
10	44263004	44263064	CAMK2B_3
10	44258871	44258926	CAMK2B_4
10	44254541	44254607	CAMK2B_5
10	44247119	44247192	CAMK2B_6
10	44243424	44243527	CAMK2B_7
10	44243249	44243333	CAMK2B_8
10	44242559	44242654	CAMK2B_9
10	44242217	44242340	CAMK2B_10
10	44241699	44241783	CAMK2B_11
10	44240706	44240749	CAMK2B_12
10	44234638	44234679	CAMK2B_13
10	44234389	44234461	CAMK2B_14
10	44232821	44232866	CAMK2B_15
10	44231005	44231054	CAMK2B_16
10	44220825	44220901	CAMK2B_17
10	44220615	44220710	CAMK2B_18
10	44220061	44220294	CAMK2B_19
12	45921131	45921272	IGFBP3_1
12	45920737	45920840	IGFBP3_2
12	45920719	45921272	IGFBP3_1
12	45921092	45921140	IGFBP3_1
12	45920737	45921029	IGFBP3_2
12	45920737	45921274	IGFBP3_1
12	45921107	45921140	IGFBP3_1
12	45921025	45921028	IGFBP3_2
12	45920737	45921020	IGFBP3_3
13	53035632	53036925	POM121L12_1
14	55862687	55862752	SEPTIN14_1
14	55861942	55862011	SEPTIN14_2
14	55846516	55846637	SEPTIN14_3
14	55844522	55844718	SEPTIN14_4
14	55842941	55843128	SEPTIN14_5
14	55834424	55834586	SEPTIN14_6
14	55819126	55819223	SEPTIN14_7
14	55807089	55807258	SEPTIN14_8
14	55805257	55805390	SEPTIN14_9
14	55793539	55796092	SEPTIN14_10
14	55887455	55887680	ZNF713_1
14	55906252	55906379	ZNF713_2
14	55911615	55912068	ZNF713_3
14	55912634	55912723	ZNF713_4
14	55923161	55923288	ZNF713_5
14	55923606	55923699	ZNF713_6
14	55938981	55942225	ZNF713_7
14	55912637	55912723	ZNF713_1
14	55923161	55923288	ZNF713_2
14	55923606	55923699	ZNF713_3
14	55938981	55940740	ZNF713_4
14	55964580	55964701	NIPSNAP2_1
14	55978125	55978265	NIPSNAP2_2
14	55981472	55981567	NIPSNAP2_3
14	55983727	55983868	NIPSNAP2_4
14	55984846	55984878	NIPSNAP2_5
14	55994893	55994988	NIPSNAP2_6
14	55997365	55997449	NIPSNAP2_7
14	55999007	56000181	NIPSNAP2_8
14	55964584	55964701	NIPSNAP2_1
14	55978125	55978265	NIPSNAP2_2
14	55978349	55978395	NIPSNAP2_3
14	55981472	55981567	NIPSNAP2_4
14	55982209	55982280	NIPSNAP2_5
14	55983727	55983868	NIPSNAP2_6
14	55984846	55984878	NIPSNAP2_7
14	55994893	55994988	NIPSNAP2_8
14	55997365	55997449	NIPSNAP2_9
14	55999007	56000179	NIPSNAP2_10
14	55951876	55951930	MRPS17_1
14	55953178	55953318	MRPS17_2
14	55954908	55956500	MRPS17_3
16	88108175	88108258	ADAM22_5
16	88114583	88114647	ADAM22_6
16	88116744	88116814	ADAM22_7
16	88125588	88125659	ADAM22_8
16	88128601	88128676	ADAM22_9
16	88130387	88130459	ADAM22_10
16	88131268	88131435	ADAM22_11
16	88132866	88132951	ADAM22_12
16	88134328	88134419	ADAM22_13
16	88135979	88136031	ADAM22_14
16	88143025	88143125	ADAM22_15
16	88145124	88145196	ADAM22_16
16	88145414	88145507	ADAM22_17
16	88148976	88149057	ADAM22_18
16	88150980	88151031	ADAM22_19
16	88151256	88151320	ADAM22_20
16	88153220	88153326	ADAM22_21
16	88155886	88156006	ADAM22_22
16	88163011	88163180	ADAM22_23
16	88165831	88165946	ADAM22_24
16	88168136	88168227	ADAM22_25
16	88171543	88171561	ADAM22_26
16	88181504	88181605	ADAM22_27
16	88181957	88182024	ADAM22_28
16	88193115	88193239	ADAM22_29
16	88196470	88202889	ADAM22_30
16	88108175	88108258	ADAM22_5
16	88114583	88114647	ADAM22_6
16	88116744	88116814	ADAM22_7
16	88125588	88125659	ADAM22_8
16	88128601	88128676	ADAM22_9
16	88130387	88130459	ADAM22_10
16	88131268	88132804	ADAM22_11
16	88108175	88108258	ADAM22_5
16	88114583	88114647	ADAM22_6
16	88116744	88116814	ADAM22_7
16	88125588	88125659	ADAM22_8
16	88128601	88128676	ADAM22_9
16	88130387	88130459	ADAM22_10
16	88131268	88131435	ADAM22_11
16	88132866	88132951	ADAM22_12
16	88134328	88134419	ADAM22_13
16	88135979	88136031	ADAM22_14
16	88143025	88143125	ADAM22_15
16	88145124	88145196	ADAM22_16
16	88145414	88145507	ADAM22_17
16	88148976	88149057	ADAM22_18
16	88150980	88151031	ADAM22_19
16	88151256	88151320	ADAM22_20
16	88153220	88153326	ADAM22_21
16	88155886	88156006	ADAM22_22
16	88163011	88163180	ADAM22_23
16	88165831	88165946	ADAM22_24
16	88168136	88168227	ADAM22_25
16	88171543	88171561	ADAM22_26
16	88178934	88179042	ADAM22_27
16	88181504	88181605	ADAM22_28
16	88181957	88182113	ADAM22_29
16	88108175	88108258	ADAM22_5
16	88114583	88114647	ADAM22_6
16	88116744	88116814	ADAM22_7
16	88125588	88125659	ADAM22_8
16	88128601	88128676	ADAM22_9
16	88130387	88130459	ADAM22_10
16	88131268	88131435	ADAM22_11
16	88132866	88132951	ADAM22_12
16	88134328	88134419	ADAM22_13
16	88135979	88136031	ADAM22_14
16	88143025	88143125	ADAM22_15
16	88145124	88145196	ADAM22_16
16	88145414	88145507	ADAM22_17
16	88148976	88149057	ADAM22_18
16	88150980	88151031	ADAM22_19
16	88151256	88151320	ADAM22_20
16	88153220	88153326	ADAM22_21
16	88155886	88156006	ADAM22_22
16	88163011	88163180	ADAM22_23
16	88165831	88165946	ADAM22_24
16	88168136	88168227	ADAM22_25
16	88171543	88171561	ADAM22_26
16	88178934	88179042	ADAM22_27
16	88181504	88181605	ADAM22_28
16	88181957	88182024	ADAM22_29
16	88193115	88193239	ADAM22_30
16	88196470	88196582	ADAM22_31
16	88108175	88108258	ADAM22_5
16	88114583	88114647	ADAM22_6
16	88116744	88116814	ADAM22_7
16	88125588	88125659	ADAM22_8
16	88128601	88128676	ADAM22_9
16	88130387	88130459	ADAM22_10
16	88131268	88131435	ADAM22_11
16	88132866	88132951	ADAM22_12
16	88134328	88134419	ADAM22_13
16	88135979	88136031	ADAM22_14
16	88143025	88143125	ADAM22_15
16	88145124	88145196	ADAM22_16
16	88145414	88145507	ADAM22_17
16	88148976	88149057	ADAM22_18
16	88150980	88151031	ADAM22_19
16	88151256	88151320	ADAM22_20
16	88153220	88153326	ADAM22_21
16	88155886	88156006	ADAM22_22
16	88163011	88163180	ADAM22_23
16	88165831	88165946	ADAM22_24
16	88168136	88168227	ADAM22_25
16	88171543	88171561	ADAM22_26
16	88181504	88181605	ADAM22_27
16	88181957	88182024	ADAM22_28
16	88186614	88186701	ADAM22_29
16	88193115	88193239	ADAM22_30
16	88196470	88202889	ADAM22_31
16	88219975	88220079	SRI_1
16	88218858	88218942	SRI_2
16	88217121	88217191	SRI_3
16	88210881	88210925	SRI_4
16	88209982	88210130	SRI_5
16	88209338	88209452	SRI_6
16	88208506	88208565	SRI_7
16	88205117	88206504	SRI_8
16	88219975	88220036	SRI_1
16	88218858	88218942	SRI_2
16	88217121	88217191	SRI_3
16	88210881	88210925	SRI_4
16	88210082	88210130	SRI_5
16	88209338	88209432	SRI_6
16	88208506	88208565	SRI_7
16	88205657	88206504	SRI_8
16	88226908	88226976	SRI_1
16	88217121	88217191	SRI_2
16	88210881	88210925	SRI_3
16	88209982	88210130	SRI_4
16	88209338	88209452	SRI_5
16	88208506	88208565	SRI_6
16	88206437	88206504	SRI_7
16	88226908	88226993	SRI_1
16	88218858	88218942	SRI_2
16	88217121	88217191	SRI_3
16	88210881	88210925	SRI_4
16	88209982	88210130	SRI_5
16	88209338	88209452	SRI_6
16	88208506	88208565	SRI_7
16	88206455	88206504	SRI_8
16	88226908	88226976	SRI_1
16	88218858	88218942	SRI_2
16	88217121	88217191	SRI_3
16	88210881	88210925	SRI_4
16	88209982	88210130	SRI_5
16	88209338	88209452	SRI_6
16	88207675	88208565	SRI_7
16	88283813	88284271	STEAP4_2
16	88282640	88283168	STEAP4_3
16	88280914	88281079	STEAP4_4
16	88270891	88279628	STEAP4_5
16	88283813	88284271	STEAP4_2
16	88280914	88281079	STEAP4_3
16	88278027	88279628	STEAP4_4
16	88283813	88284271	STEAP4_3
16	88281482	88283168	STEAP4_4
17	104906186	104906754	LHFPL3_4
17	104906186	104907232	LHFPL3_3
17	104926452	104926645	LHFPL3-AS2_1
17	104920384	104920425	LHFPL3-AS2_2
17	104911915	104912076	LHFPL3-AS2_3
17	104895616	104896064	LHFPL3-AS2_4
17	104926452	104926630	LHFPL3-AS2_1
17	104920384	104920425	LHFPL3-AS2_2
17	104917559	104917980	LHFPL3-AS2_3
17	104915705	104915827	LHFPL3-AS2_4
17	104911915	104912076	LHFPL3-AS2_5
18	105012931	105013044	LINC01004_1
18	104953699	104953906	LINC01004_2
18	104950314	104950532	LINC01004_3
18	105012931	105013042	LINC01004_1
18	104981746	104982691	LINC01004_2
18	105014140	105014321	KMT2E-AS1_1
18	105013424	105013979	KMT2E-AS1_2
18	105014189	105014497	KMT2E_1
18	105040874	105041023	KMT2E_2
18	105062163	105062278	KMT2E_3
18	105063350	105063580	KMT2E_4
18	105066726	105066807	KMT2E_5
18	105073618	105073677	KMT2E_6
18	105074642	105074815	KMT2E_7
18	105076042	105076081	KMT2E_8
18	105076962	105077193	KMT2E_9
18	105077302	105077433	KMT2E_10
18	105078845	105078963	KMT2E_11
18	105081687	105081797	KMT2E_12
18	105090008	105090273	KMT2E_13
18	105091215	105091314	KMT2E_14
18	105101424	105101589	KMT2E_15
18	105101885	105102194	KMT2E_16
18	105105438	105105693	KMT2E_17
18	105105858	105106003	KMT2E_18
18	105106521	105106772	KMT2E_19
18	105107165	105107222	KMT2E_20
18	105107361	105107925	KMT2E_21
18	105108941	105109228	KMT2E_22
18	105110279	105110368	KMT2E_23
18	105110476	105110602	KMT2E_24
18	105110770	105110868	KMT2E_25
18	105111824	105114084	KMT2E_26
18	105014204	105014535	KMT2E_1
18	105038125	105038199	KMT2E_2
18	105040838	105041023	KMT2E_3
18	105062163	105062278	KMT2E_4
18	105063350	105063580	KMT2E_5
18	105066726	105066807	KMT2E_6
18	105073618	105073677	KMT2E_7
18	105074642	105074815	KMT2E_8
18	105076042	105076081	KMT2E_9
18	105076962	105077193	KMT2E_10
18	105077302	105077433	KMT2E_11
18	105078845	105078963	KMT2E_12
18	105081687	105081797	KMT2E_13
18	105090008	105090273	KMT2E_14
18	105091215	105091314	KMT2E_15
18	105101424	105101589	KMT2E_16
18	105101885	105102194	KMT2E_17
18	105105438	105105693	KMT2E_18
18	105105858	105106003	KMT2E_19
18	105106521	105106772	KMT2E_20
18	105107165	105107222	KMT2E_21
18	105107361	105107925	KMT2E_22
18	105108941	105109228	KMT2E_23
18	105110279	105110368	KMT2E_24
18	105110476	105110602	KMT2E_25
18	105110770	105110868	KMT2E_26
18	105111824	105115019	KMT2E_27
18	105014217	105014535	KMT2E_1
18	105038125	105038199	KMT2E_2
18	105040838	105041023	KMT2E_3
18	105062163	105062278	KMT2E_4
18	105063350	105063580	KMT2E_5
18	105066726	105066807	KMT2E_6
18	105073618	105073677	KMT2E_7
18	105074642	105074815	KMT2E_8
18	105076042	105076081	KMT2E_9
18	105076962	105077193	KMT2E_10
18	105077302	105077433	KMT2E_11
18	105078845	105078963	KMT2E_12
18	105081687	105081797	KMT2E_13
18	105090008	105090273	KMT2E_14
18	105091215	105091609	KMT2E_15
18	105063349	105063375	KMT2E_1
18	105063376	105063388	KMT2E_2
18	105063389	105063580	KMT2E_3
18	105066726	105066807	KMT2E_4
18	105073618	105073677	KMT2E_5
18	105074642	105074815	KMT2E_6
18	105076042	105076081	KMT2E_7
18	105076962	105077193	KMT2E_8
18	105077302	105077433	KMT2E_9
18	105078845	105078963	KMT2E_10
18	105081687	105081797	KMT2E_11
18	105090008	105090126	KMT2E_12
18	105090127	105090273	KMT2E_13
18	105091215	105091314	KMT2E_14
18	105101424	105101478	KMT2E_15
18	105203627	105203785	SRPK2_3
18	105169156	105169265	SRPK2_4
18	105168007	105168095	SRPK2_5
18	105167376	105167464	SRPK2_6
18	105160506	105160613	SRPK2_7
18	105146492	105146658	SRPK2_8
18	105145282	105145308	SRPK2_9
18	105143083	105143330	SRPK2_10
18	105142007	105142490	SRPK2_11
18	105133003	105133104	SRPK2_12
18	105132790	105132898	SRPK2_13
18	105126992	105127062	SRPK2_14
18	105126247	105126340	SRPK2_15
18	105116373	105118022	SRPK2_16
18	105268805	105269015	SRPK2_1
18	105203627	105203785	SRPK2_2
18	105169156	105169265	SRPK2_3
18	105168007	105168095	SRPK2_4
18	105167376	105167464	SRPK2_5
18	105160506	105160613	SRPK2_6
18	105146492	105146658	SRPK2_7
18	105145282	105145308	SRPK2_8
18	105143083	105143330	SRPK2_9
18	105142007	105142490	SRPK2_10
18	105133003	105133104	SRPK2_11
18	105132790	105132898	SRPK2_12
18	105126992	105127062	SRPK2_13
18	105126247	105126340	SRPK2_14
18	105116376	105118022	SRPK2_15
18	105268805	105268869	SRPK2_3
18	105203627	105203785	SRPK2_4
18	105169156	105169265	SRPK2_5
18	105168007	105168095	SRPK2_6
18	105167376	105167464	SRPK2_7
18	105160506	105160613	SRPK2_8
18	105146492	105146658	SRPK2_9
18	105145282	105145308	SRPK2_10
18	105143083	105143330	SRPK2_11
18	105142007	105142490	SRPK2_12
18	105133003	105133104	SRPK2_13
18	105132790	105132898	SRPK2_14
18	105126992	105127062	SRPK2_15
18	105126247	105126340	SRPK2_16
18	105117525	105118022	SRPK2_17
19	127844323	127844424	SND1_12
20	130322488	130324180	CPA4_10
20	130322488	130324180	CPA4_11
20	130322488	130323121	CPA4_9
20	130344815	130345205	CPA5_1
20	130346392	130346601	CPA5_2
20	130347765	130347847	CPA5_3
20	130349974	130350109	CPA5_4
20	130359588	130359687	CPA5_5
20	130361142	130361244	CPA5_6
20	130362437	130362539	CPA5_7
20	130362883	130362994	CPA5_8
20	130363418	130363509	CPA5_9
20	130367371	130367571	CPA5_10
20	130367905	130367990	CPA5_11
20	130368409	130368597	CPA5_12
20	130344825	130345330	CPA5_1
20	130345838	130345909	CPA5_2
20	130346406	130346601	CPA5_3
20	130347765	130347847	CPA5_4
20	130349974	130350109	CPA5_5
20	130359588	130359687	CPA5_6
20	130361142	130361244	CPA5_7
20	130362437	130362539	CPA5_8
20	130362883	130362994	CPA5_9
20	130363418	130363509	CPA5_10
20	130367371	130367571	CPA5_11
20	130367905	130367990	CPA5_12
20	130368409	130368730	CPA5_13
20	130344846	130345896	CPA5_1
20	130346406	130346601	CPA5_2
20	130347765	130347847	CPA5_3
20	130349974	130350109	CPA5_4
20	130359588	130359687	CPA5_5
20	130361142	130361244	CPA5_6
20	130362437	130362539	CPA5_7
20	130362883	130362994	CPA5_8
20	130363418	130363509	CPA5_9
20	130367371	130367571	CPA5_10
20	130367905	130367990	CPA5_11
20	130368409	130368730	CPA5_12
20	130344853	130345205	CPA5_1
20	130346392	130346601	CPA5_2
20	130347765	130347847	CPA5_3
20	130349974	130350109	CPA5_4
20	130359588	130359687	CPA5_5
20	130361142	130361244	CPA5_6
20	130362437	130362539	CPA5_7
20	130362883	130362994	CPA5_8
20	130363418	130363509	CPA5_9
20	130367371	130367571	CPA5_10
20	130368409	130368729	CPA5_11
20	130344860	130345205	CPA5_1
20	130345838	130345896	CPA5_2
20	130346392	130346601	CPA5_3
20	130347765	130347847	CPA5_4
20	130349974	130350109	CPA5_5
20	130359588	130359687	CPA5_6
20	130361142	130361244	CPA5_7
20	130362437	130362539	CPA5_8
20	130362883	130362994	CPA5_9
20	130363418	130363509	CPA5_10
20	130367371	130367571	CPA5_11
20	130367905	130367990	CPA5_12
20	130368409	130368730	CPA5_13
20	130346485	130346601	CPA5_1
20	130347765	130347847	CPA5_2
20	130349974	130350109	CPA5_3
20	130359588	130359687	CPA5_4
20	130361142	130361244	CPA5_5
20	130362437	130362539	CPA5_6
20	130362883	130362994	CPA5_7
20	130363418	130363509	CPA5_8
20	130367371	130367571	CPA5_9
20	130367905	130367990	CPA5_10
20	130368409	130368730	CPA5_11
20	130380493	130380585	CPA1_1
20	130381097	130381179	CPA1_2
20	130381629	130381863	CPA1_3
20	130382107	130382209	CPA1_4
20	130383390	130383492	CPA1_5
20	130383683	130383794	CPA1_6
20	130384535	130384626	CPA1_7
20	130385145	130385345	CPA1_8
20	130385838	130385923	CPA1_9
20	130387823	130388108	CPA1_10
20	130381092	130381179	CPA1_1
20	130381629	130381863	CPA1_2
20	130382107	130382209	CPA1_3
20	130383390	130383492	CPA1_4
20	130383683	130383794	CPA1_5
20	130384535	130384626	CPA1_6
20	130385145	130385345	CPA1_7
20	130385838	130385923	CPA1_8
20	130387823	130388114	CPA1_9
20	130440933	130441016	CEP41_1
20	130427954	130428018	CEP41_2
20	130416918	130416966	CEP41_3
20	130412178	130412240	CEP41_4
20	130411121	130411191	CEP41_5
20	130404563	130404708	CEP41_6
20	130402647	130402799	CEP41_7
20	130401880	130401948	CEP41_8
20	130400706	130400821	CEP41_9
20	130400038	130400254	CEP41_10
20	130393770	130399039	CEP41_11
20	130440933	130441210	CEP41_1
20	130427954	130428018	CEP41_2
20	130412178	130412240	CEP41_3
20	130411121	130411191	CEP41_4
20	130404563	130404708	CEP41_5
20	130402647	130402799	CEP41_6
20	130401880	130401948	CEP41_7
20	130400706	130400821	CEP41_8
20	130393770	130399039	CEP41_9
20	130440933	130440995	CEP41_1
20	130427954	130428018	CEP41_2
20	130416918	130416966	CEP41_3
20	130412178	130412240	CEP41_4
20	130411121	130411191	CEP41_5
20	130404563	130404708	CEP41_6
20	130402647	130402799	CEP41_7
20	130401880	130401948	CEP41_8
20	130400706	130400821	CEP41_9
20	130398738	130399039	CEP41_10
20	130440933	130441056	CEP41_1
20	130427954	130428018	CEP41_2
20	130419033	130422007	CEP41_3
20	130440933	130441210	CEP41_1
20	130427954	130428018	CEP41_2
20	130419033	130422007	CEP41_3
20	130490841	130491033	MESTIT1_1
20	130486041	130489967	MESTIT1_2
20	130486170	130486395	MEST_1
20	130495367	130495522	MEST_2
20	130497155	130497235	MEST_3
20	130497935	130498013	MEST_4
20	130498138	130498275	MEST_5
20	130498418	130498477	MEST_6
20	130499874	130499915	MEST_7
20	130500461	130500532	MEST_8
20	130500788	130500890	MEST_9
20	130502643	130502720	MEST_10
20	130503932	130503996	MEST_11
20	130504938	130506292	MEST_12
20	130486174	130486395	MEST_1
20	130495367	130495522	MEST_2
20	130497155	130497235	MEST_3
20	130497935	130498013	MEST_4
20	130498138	130498275	MEST_5
20	130498418	130498477	MEST_6
20	130499874	130499915	MEST_7
20	130500461	130500532	MEST_8
20	130502643	130502720	MEST_9
20	130503932	130503996	MEST_10
20	130504938	130506292	MEST_11
20	130486335	130486519	MEST_1
20	130495367	130495522	MEST_2
20	130497155	130497235	MEST_3
20	130497935	130498013	MEST_4
20	130498138	130498275	MEST_5
20	130498418	130498477	MEST_6
20	130499874	130499915	MEST_7
20	130500461	130500532	MEST_8
20	130502643	130502720	MEST_9
20	130503932	130503996	MEST_10
20	130504938	130506465	MEST_11
20	130486341	130486395	MEST_1
20	130495345	130495522	MEST_2
20	130497155	130497235	MEST_3
20	130497935	130498013	MEST_4
20	130498138	130498275	MEST_5
20	130498418	130498477	MEST_6
20	130499874	130499915	MEST_7
20	130500461	130500532	MEST_8
20	130502643	130502720	MEST_9
20	130503932	130503996	MEST_10
20	130504938	130506292	MEST_11
20	130491328	130491486	MEST_1
20	130495367	130495522	MEST_2
20	130497155	130497235	MEST_3
20	130497935	130498013	MEST_4
20	130498138	130498275	MEST_5
20	130498418	130498477	MEST_6
20	130499874	130499915	MEST_7
20	130500461	130500532	MEST_8
20	130500788	130500890	MEST_9
20	130502643	130502720	MEST_10
20	130503932	130503996	MEST_11
20	130504938	130506296	MEST_12
20	130492084	130492339	MEST_1
20	130495367	130495522	MEST_2
20	130497155	130497235	MEST_3
20	130497935	130498013	MEST_4
20	130498138	130498275	MEST_5
20	130498418	130498477	MEST_6
20	130499874	130499915	MEST_7
20	130500461	130500532	MEST_8
20	130500788	130500890	MEST_9
20	130502643	130502720	MEST_10
20	130503932	130503996	MEST_11
20	130504938	130506465	MEST_12
20	130492112	130492339	MEST_1
20	130495367	130495522	MEST_2
20	130497155	130497235	MEST_3
20	130497935	130498013	MEST_4
20	130498168	130498275	MEST_5
20	130498418	130498477	MEST_6
20	130499874	130499915	MEST_7
20	130500461	130500532	MEST_8
20	130500788	130500890	MEST_9
20	130502643	130502720	MEST_10
20	130503932	130503996	MEST_11
20	130504938	130506288	MEST_12
20	130492394	130492584	MEST_1
20	130495367	130495522	MEST_2
20	130497155	130497235	MEST_3
20	130497935	130498013	MEST_4
20	130498138	130498275	MEST_5
20	130498418	130498477	MEST_6
20	130499874	130499915	MEST_7
20	130500461	130500532	MEST_8
20	130500788	130500890	MEST_9
20	130502643	130502720	MEST_10
20	130503932	130503996	MEST_11
20	130504938	130506253	MEST_12
20	130668631	130668748	COPG2_1
20	130667481	130667534	COPG2_2
20	130666848	130666929	COPG2_3
20	130662966	130663038	COPG2_4
20	130652868	130652948	COPG2_5
20	130616989	130617065	COPG2_6
20	130613543	130613636	COPG2_7
20	130612151	130612238	COPG2_8
20	130610952	130611110	COPG2_9
20	130564259	130564393	COPG2_10
20	130563268	130563336	COPG2_11
20	130561032	130561221	COPG2_12
20	130555036	130555132	COPG2_13
20	130554480	130554724	COPG2_14
20	130552354	130552430	COPG2_15
20	130551240	130551344	COPG2_16
20	130550523	130550649	COPG2_17
20	130549313	130549376	COPG2_18
20	130548402	130548542	COPG2_19
20	130547673	130547845	COPG2_20
20	130508561	130508659	COPG2_21
20	130507684	130507823	COPG2_22
20	130507273	130507372	COPG2_23
20	130506237	130506806	COPG2_24
20	130668631	130668705	COPG2_1
20	130667481	130667534	COPG2_2
20	130666848	130666929	COPG2_3
20	130662966	130663038	COPG2_4
20	130652868	130652948	COPG2_5
20	130616989	130617065	COPG2_6
20	130613543	130613636	COPG2_7
20	130612151	130612238	COPG2_8
20	130610952	130611110	COPG2_9
20	130564259	130564393	COPG2_10
20	130563268	130563336	COPG2_11
20	130561032	130561221	COPG2_12
20	130555036	130555132	COPG2_13
20	130554480	130554724	COPG2_14
20	130552354	130552430	COPG2_15
20	130551240	130551344	COPG2_16
20	130550523	130550649	COPG2_17
20	130549313	130549376	COPG2_18
20	130548402	130548542	COPG2_19
20	130546786	130547845	COPG2_20
20	130686830	130687432	TSGA13_1
20	130686443	130686543	TSGA13_2
20	130685187	130685360	TSGA13_3
20	130683593	130683672	TSGA13_4
20	130680945	130681017	TSGA13_5
20	130679154	130679367	TSGA13_6
20	130672733	130672876	TSGA13_7
20	130671660	130671788	TSGA13_8
20	130668647	130669183	TSGA13_9
20	130686261	130686568	TSGA13_1
20	130685187	130685360	TSGA13_2
20	130683593	130683672	TSGA13_3
20	130680945	130681017	TSGA13_4
20	130679154	130679367	TSGA13_5
20	130672733	130672876	TSGA13_6
20	130671660	130671788	TSGA13_7
20	130668926	130669183	TSGA13_8
20	130731234	130734176	KLF14_1
20	130853719	130853796	LINC00513_1
20	130862123	130862202	LINC00513_2
20	130914963	130915102	LINC00513_3
20	130915899	130916132	LINC00513_4
20	130927561	130928649	LINC00513_5
20	130853731	130853796	LINC00513_1
20	130862123	130862202	LINC00513_2
20	130914961	130915102	LINC00513_3
20	130915899	130916132	LINC00513_4
20	130928030	130928199	LINC00513_5
20	130930220	130930680	LINC00513_6
20	130877458	130877539	MIR29B1_1
20	130984052	130984109	LINC-PINT_3
20	130945719	130945835	LINC-PINT_4
20	130938962	130941858	LINC-PINT_5
20	131002196	131002320	LINC-PINT_4
20	130984052	130984109	LINC-PINT_5
20	130944166	130945835	LINC-PINT_6
20	131009708	131009778	LINC-PINT_3
20	130984052	130984109	LINC-PINT_4
20	130945719	130945835	LINC-PINT_5
20	130944174	130944889	LINC-PINT_6
20	130984052	130984109	LINC-PINT_3
20	130978507	130978528	LINC-PINT_4
20	130967388	130967517	LINC-PINT_5
20	130959868	130959970	LINC-PINT_6
20	130945719	130945835	LINC-PINT_7
20	130944197	130944889	LINC-PINT_8
20	130984052	130984109	LINC-PINT_4
20	130978507	130978528	LINC-PINT_5
20	130944292	130945835	LINC-PINT_6
20	131002196	131002320	LINC-PINT_4
20	130984052	130984109	LINC-PINT_5
20	130945719	130945835	LINC-PINT_6
20	130944506	130944889	LINC-PINT_7
20	130993981	130994093	LINC-PINT_3
20	130984052	130984109	LINC-PINT_4
20	130959868	130959970	LINC-PINT_5
20	130945719	130945835	LINC-PINT_6
20	130944707	130944889	LINC-PINT_7
20	131042835	131042931	LINC-PINT_3
22	47841207	47841273	SCRN2_1
22	47840669	47840843	SCRN2_2
22	47840190	47840372	SCRN2_3
22	47841207	47841289	SCRN2_1
22	47840669	47840843	SCRN2_2
22	47840190	47840372	SCRN2_3
22	47840669	47841173	SCRN2_1
22	47840190	47840372	SCRN2_2
22	47850918	47851163	SP6_1
22	47844907	47848486	SP6_2
22	47855653	47855874	SP6_1
22	47844907	47848486	SP6_2
22	47896149	47896293	SP2_1
22	47915311	47915388	SP2_2
22	47916155	47916770	SP2_3
22	47917784	47917856	SP2_4
22	47896235	47896293	SP2_1
22	47915311	47915388	SP2_2
22	47916155	47917130	SP2_3
22	47922961	47923274	SP2_4
22	47924918	47925093	SP2_5
22	47925347	47925541	SP2_6
22	47927723	47928957	SP2_7
22	47941335	47941389	SP2-AS1_1
22	47918451	47918571	SP2-AS1_2
22	47898111	47898231	SP2-AS1_3
22	47897329	47897440	SP2-AS1_4
22	47941335	47941359	SP2-AS1_1
22	47918451	47918571	SP2-AS1_2
22	47898784	47900378	SP2-AS1_3
22	47941522	47941813	PNPO_1
22	47943305	47943430	PNPO_2
22	47944615	47944715	PNPO_3
22	47945558	47945612	PNPO_4
22	47945860	47945989	PNPO_5
22	47946322	47946393	PNPO_6
22	47946613	47949308	PNPO_7
22	47941566	47941813	PNPO_1
22	47943305	47943430	PNPO_2
22	47944615	47944715	PNPO_3
22	47945558	47945612	PNPO_4
22	47946322	47946393	PNPO_5
22	47946613	47948272	PNPO_6
22	47941570	47941813	PNPO_1
22	47943305	47943430	PNPO_2
22	47944615	47944715	PNPO_3
22	47945860	47945989	PNPO_4
22	47946322	47946393	PNPO_5
22	47946613	47947141	PNPO_6
22	47957656	47957883	PRR15L_1
22	47951966	47953263	PRR15L_2
22	47970533	47970723	CDK5RAP3_1
22	47971361	47971407	CDK5RAP3_2
22	47973518	47973650	CDK5RAP3_3
22	47973930	47974031	CDK5RAP3_4
22	47974399	47974448	CDK5RAP3_5
22	47975158	47975337	CDK5RAP3_6
22	47975513	47975653	CDK5RAP3_7
22	47975868	47976013	CDK5RAP3_8
22	47976711	47976822	CDK5RAP3_9
22	47977831	47977910	CDK5RAP3_10
22	47978828	47978917	CDK5RAP3_11
22	47980592	47980798	CDK5RAP3_12
22	47981162	47981334	CDK5RAP3_13
22	47981436	47981772	CDK5RAP3_14
22	47971112	47971152	CDK5RAP3_1
22	47971361	47971407	CDK5RAP3_2
22	47973518	47973650	CDK5RAP3_3
22	47973930	47974031	CDK5RAP3_4
22	47974399	47974448	CDK5RAP3_5
22	47975158	47975337	CDK5RAP3_6
22	47975513	47975653	CDK5RAP3_7
22	47975868	47976013	CDK5RAP3_8
22	47976711	47976822	CDK5RAP3_9
22	47977831	47977910	CDK5RAP3_10
22	47978828	47978917	CDK5RAP3_11
22	47980592	47980798	CDK5RAP3_12
22	47981162	47981334	CDK5RAP3_13
22	47981436	47981781	CDK5RAP3_14