1	196608214	196608411	KCNT2_1
1	196492261	196492341	KCNT2_2
1	196489837	196489937	KCNT2_3
1	196482330	196482379	KCNT2_4
1	196479178	196479238	KCNT2_5
1	196468993	196469068	KCNT2_6
1	196467702	196467786	KCNT2_7
1	196465292	196465387	KCNT2_8
1	196429576	196429757	KCNT2_9
1	196428104	196428269	KCNT2_10
1	196425851	196425988	KCNT2_11
1	196423049	196423113	KCNT2_12
1	196398562	196398671	KCNT2_13
1	196373139	196373248	KCNT2_14
1	196342078	196342228	KCNT2_15
1	196340340	196340570	KCNT2_16
1	196333846	196334060	KCNT2_17
1	196331155	196331261	KCNT2_18
1	196326716	196326889	KCNT2_19
1	196315891	196316026	KCNT2_20
1	196305233	196305345	KCNT2_21
1	196285656	196285758	KCNT2_22
1	196282272	196282356	KCNT2_23
1	196280859	196280988	KCNT2_24
1	196258193	196258494	KCNT2_25
1	196235985	196236070	KCNT2_26
1	196225778	196228335	KCNT2_27
1	196608214	196608359	KCNT2_1
1	196492261	196492341	KCNT2_2
1	196489837	196489937	KCNT2_3
1	196482330	196482379	KCNT2_4
1	196479178	196479238	KCNT2_5
1	196468993	196469068	KCNT2_6
1	196467702	196467786	KCNT2_7
1	196465292	196465387	KCNT2_8
1	196429576	196429757	KCNT2_9
1	196428104	196428269	KCNT2_10
1	196425851	196425988	KCNT2_11
1	196423049	196423113	KCNT2_12
1	196398562	196398671	KCNT2_13
1	196373139	196373248	KCNT2_14
1	196340340	196340570	KCNT2_15
1	196333846	196334060	KCNT2_16
1	196331155	196331261	KCNT2_17
1	196326716	196326889	KCNT2_18
1	196315891	196316026	KCNT2_19
1	196305233	196305345	KCNT2_20
1	196285656	196285758	KCNT2_21
1	196282272	196282356	KCNT2_22
1	196280859	196280988	KCNT2_23
1	196273467	196273488	KCNT2_24
1	196258193	196258494	KCNT2_25
1	196235985	196236070	KCNT2_26
1	196227858	196228335	KCNT2_27
1	196608214	196608359	KCNT2_1
1	196492261	196492341	KCNT2_2
1	196489837	196489937	KCNT2_3
1	196482330	196482379	KCNT2_4
1	196479178	196479238	KCNT2_5
1	196468993	196469068	KCNT2_6
1	196467702	196467786	KCNT2_7
1	196465292	196465387	KCNT2_8
1	196398562	196398671	KCNT2_9
1	196373139	196373248	KCNT2_10
1	196342078	196342228	KCNT2_11
1	196340340	196340570	KCNT2_12
1	196333846	196334060	KCNT2_13
1	196331155	196331261	KCNT2_14
1	196326716	196326889	KCNT2_15
1	196315891	196316021	KCNT2_16
1	196285656	196285758	KCNT2_17
1	196282272	196282356	KCNT2_18
1	196280859	196280988	KCNT2_19
1	196273467	196273488	KCNT2_20
1	196259586	196259624	KCNT2_21
1	196258193	196258494	KCNT2_22
1	196235985	196236070	KCNT2_23
1	196227858	196228335	KCNT2_24
1	196608214	196609225	KCNT2_1
1	196492261	196492341	KCNT2_2
1	196489837	196489937	KCNT2_3
1	196482330	196482379	KCNT2_4
1	196479178	196479238	KCNT2_5
1	196468993	196469068	KCNT2_6
1	196467702	196467786	KCNT2_7
1	196465292	196465387	KCNT2_8
1	196429576	196429757	KCNT2_9
1	196428104	196428269	KCNT2_10
1	196425851	196425988	KCNT2_11
1	196423049	196423113	KCNT2_12
1	196398562	196398671	KCNT2_13
1	196373139	196373248	KCNT2_14
1	196342078	196342228	KCNT2_15
1	196340340	196340570	KCNT2_16
1	196333846	196334060	KCNT2_17
1	196331155	196331261	KCNT2_18
1	196326716	196326889	KCNT2_19
1	196319483	196319555	KCNT2_20
1	196315891	196316026	KCNT2_21
1	196305233	196305345	KCNT2_22
1	196285656	196285758	KCNT2_23
1	196282272	196282356	KCNT2_24
1	196280859	196280988	KCNT2_25
1	196258193	196258494	KCNT2_26
1	196235985	196236070	KCNT2_27
1	196228138	196228335	KCNT2_28
1	196652042	196652175	CFH_1
1	196672977	196673163	CFH_2
1	196673856	196673962	CFH_3
1	196675988	196676065	CFH_4
1	196677475	196677667	CFH_5
1	196679622	196679793	CFH_6
1	196685063	196685237	CFH_7
1	196689419	196689614	CFH_8
1	196690062	196690239	CFH_9
1	196713734	196713917	CFH_10
1	196715592	196715769	CFH_11
1	196725120	196725297	CFH_12
1	196726469	196726652	CFH_13
1	196726760	196726940	CFH_14
1	196728345	196728522	CFH_15
1	196736823	196737006	CFH_16
1	196737474	196737660	CFH_17
1	196740618	196740792	CFH_18
1	196741874	196742051	CFH_19
1	196743451	196743628	CFH_20
1	196745816	196745999	CFH_21
1	196747110	196747504	CFH_22
1	196652044	196652175	CFH_1
1	196672977	196673163	CFH_2
1	196673856	196673962	CFH_3
1	196675988	196676065	CFH_4
1	196677475	196677667	CFH_5
1	196679622	196679793	CFH_6
1	196685063	196685237	CFH_7
1	196689419	196689614	CFH_8
1	196690062	196690239	CFH_9
1	196701317	196701566	CFH_10
1	196652055	196652175	CFH_1
1	196672977	196673163	CFH_2
1	196673856	196673962	CFH_3
1	196675988	196676065	CFH_4
1	196679622	196679793	CFH_5
1	196685063	196685237	CFH_6
1	196689419	196689614	CFH_7
1	196690062	196690239	CFH_8
1	196701317	196701565	CFH_9
1	196774794	196774944	CFHR3_1
1	196779161	196779356	CFHR3_2
1	196779796	196779973	CFHR3_3
1	196788215	196788398	CFHR3_4
1	196790044	196790227	CFHR3_5
1	196793316	196794073	CFHR3_6
1	196774812	196774944	CFHR3_1
1	196779161	196779356	CFHR3_2
1	196779796	196779973	CFHR3_3
1	196788215	196788398	CFHR3_4
1	196788744	196790022	CFHR3_5
1	196774815	196774944	CFHR3_1
1	196779161	196779356	CFHR3_2
1	196779796	196779973	CFHR3_3
1	196790044	196790227	CFHR3_4
1	196793316	196793675	CFHR3_5
1	196774815	196774944	CFHR3_1
1	196779161	196779356	CFHR3_2
1	196779796	196779973	CFHR3_3
1	196788215	196788347	CFHR3_4
1	196794577	196795406	CFHR3_5
1	196819756	196819902	CFHR1_1
1	196825476	196825671	CFHR1_2
1	196826828	196827005	CFHR1_3
1	196828069	196828246	CFHR1_4
1	196830499	196830682	CFHR1_5
1	196831796	196832189	CFHR1_6
1	196819780	196819902	CFHR1_1
1	196825476	196825671	CFHR1_2
1	196826828	196827005	CFHR1_3
1	196830499	196830682	CFHR1_4
1	196831796	196832189	CFHR1_5
1	196888013	196888208	CFHR4_1
1	196902420	196902615	CFHR4_2
1	196905107	196905290	CFHR4_3
1	196906860	196907037	CFHR4_4
1	196907315	196907498	CFHR4_5
1	196910280	196910478	CFHR4_6
1	196912739	196912922	CFHR4_7
1	196914494	196914671	CFHR4_8
1	196914955	196915138	CFHR4_9
1	196918209	196918713	CFHR4_10
1	196888051	196888208	CFHR4_1
1	196902417	196902615	CFHR4_2
1	196905107	196905290	CFHR4_3
1	196906860	196907037	CFHR4_4
1	196907315	196907498	CFHR4_5
1	196910280	196910478	CFHR4_6
1	196912739	196912922	CFHR4_7
1	196914494	196914671	CFHR4_8
1	196914955	196915138	CFHR4_9
1	196918209	196918633	CFHR4_10
1	196888081	196888208	CFHR4_1
1	196902417	196902615	CFHR4_2
1	196912739	196912922	CFHR4_3
1	196914494	196914671	CFHR4_4
1	196914955	196915138	CFHR4_5
1	196918209	196918633	CFHR4_6
1	196888102	196888208	CFHR4_1
1	196902417	196902504	CFHR4_2
1	196910367	196910478	CFHR4_3
1	196912739	196912922	CFHR4_4
1	196914494	196914671	CFHR4_5
1	196914955	196915138	CFHR4_6
1	196918209	196918428	CFHR4_7
1	196943737	196943938	CFHR2_1
1	196949454	196949649	CFHR2_2
1	196950851	196951028	CFHR2_3
1	196957890	196958073	CFHR2_4
1	196958880	196959622	CFHR2_5
1	196943755	196943938	CFHR2_1
1	196948298	196948553	CFHR2_2
1	196949454	196949649	CFHR2_3
1	196950851	196951028	CFHR2_4
1	196957890	196958073	CFHR2_5
1	196958880	196959212	CFHR2_6
1	196943771	196943938	CFHR2_1
1	196949616	196949649	CFHR2_2
1	196950851	196951028	CFHR2_3
1	196957890	196958073	CFHR2_4
1	196958880	196959216	CFHR2_5
1	196943771	196943938	CFHR2_1
1	196949454	196949649	CFHR2_2
1	196950899	196951028	CFHR2_3
1	196957890	196958073	CFHR2_4
1	196958880	196959226	CFHR2_5
1	196943836	196943938	CFHR2_1
1	196950851	196951028	CFHR2_2
1	196957890	196958073	CFHR2_3
1	196958880	196959219	CFHR2_4
1	196943857	196943938	CFHR2_1
1	196957890	196958073	CFHR2_2
1	196958880	196959215	CFHR2_3
1	196977555	196977722	CFHR5_1
1	196982884	196983079	CFHR5_2
1	196983960	196984137	CFHR5_3
1	196994079	196994256	CFHR5_4
1	196995716	196995899	CFHR5_5
1	196996021	196996201	CFHR5_6
1	196998127	196998304	CFHR5_7
1	197002481	197002664	CFHR5_8
1	197004660	197004843	CFHR5_9
1	197008486	197009678	CFHR5_10
1	197067159	197067267	F13B_1
1	197062856	197063057	F13B_2
1	197061783	197061969	F13B_3
1	197060898	197061075	F13B_4
1	197060365	197060542	F13B_5
1	197057285	197057465	F13B_6
1	197057012	197057198	F13B_7
1	197055714	197055897	F13B_8
1	197052633	197052834	F13B_9
1	197050696	197050879	F13B_10
1	197040521	197040735	F13B_11
1	197039190	197039411	F13B_12
1	197146140	197146669	ASPM_1
1	197143956	197144100	ASPM_2
1	197142330	197143810	ASPM_3
1	197139766	197139871	ASPM_4
1	197135095	197135242	ASPM_5
1	197133349	197133595	ASPM_6
1	197132284	197132352	ASPM_7
1	197129914	197130056	ASPM_8
1	197129186	197129317	ASPM_9
1	197128489	197128665	ASPM_10
1	197125045	197125191	ASPM_11
1	197124869	197124955	ASPM_12
1	197124109	197124331	ASPM_13
1	197122387	197122595	ASPM_14
1	197122158	197122301	ASPM_15
1	197121914	197122043	ASPM_16
1	197117788	197117983	ASPM_17
1	197100430	197105185	ASPM_18
1	197095997	197096164	ASPM_19
1	197094083	197094180	ASPM_20
1	197093051	197093261	ASPM_21
1	197091906	197092056	ASPM_22
1	197090849	197091041	ASPM_23
1	197090195	197090388	ASPM_24
1	197089929	197090084	ASPM_25
1	197088255	197088432	ASPM_26
1	197086802	197086972	ASPM_27
1	197084126	197084426	ASPM_28
1	197146140	197146694	ASPM_1
1	197143956	197144100	ASPM_2
1	197142330	197143810	ASPM_3
1	197139766	197139871	ASPM_4
1	197135095	197135242	ASPM_5
1	197133349	197133595	ASPM_6
1	197132284	197132352	ASPM_7
1	197129914	197130056	ASPM_8
1	197129186	197129317	ASPM_9
1	197128489	197128665	ASPM_10
1	197125045	197125191	ASPM_11
1	197124869	197124955	ASPM_12
1	197124109	197124331	ASPM_13
1	197122387	197122595	ASPM_14
1	197122158	197122301	ASPM_15
1	197121914	197122043	ASPM_16
1	197117788	197117983	ASPM_17
1	197095997	197096164	ASPM_18
1	197094083	197094180	ASPM_19
1	197093051	197093261	ASPM_20
1	197091906	197092056	ASPM_21
1	197090849	197091041	ASPM_22
1	197090195	197090388	ASPM_23
1	197089929	197090084	ASPM_24
1	197088255	197088432	ASPM_25
1	197086802	197086972	ASPM_26
1	197084127	197084426	ASPM_27
1	197135095	197135144	ASPM_1
1	197133349	197133595	ASPM_2
1	197132284	197132352	ASPM_3
1	197129914	197130056	ASPM_4
1	197129186	197129317	ASPM_5
1	197128489	197128665	ASPM_6
1	197125045	197125191	ASPM_7
1	197124869	197124955	ASPM_8
1	197124109	197124331	ASPM_9
1	197122387	197122595	ASPM_10
1	197122158	197122301	ASPM_11
1	197121914	197122043	ASPM_12
1	197117788	197117983	ASPM_13
1	197095997	197096164	ASPM_14
1	197094083	197094180	ASPM_15
1	197093051	197093261	ASPM_16
1	197091906	197092056	ASPM_17
1	197090849	197091041	ASPM_18
1	197090195	197090388	ASPM_19
1	197089929	197090084	ASPM_20
1	197088255	197088432	ASPM_21
1	197086802	197086972	ASPM_22
1	197084131	197084426	ASPM_23
1	197199353	197200542	ZBTB41_1
1	197191691	197191899	ZBTB41_2
1	197190761	197190831	ZBTB41_3
1	197188291	197188439	ZBTB41_4
1	197180987	197181117	ZBTB41_5
1	197178416	197178512	ZBTB41_6
1	197176563	197176670	ZBTB41_7
1	197175009	197175115	ZBTB41_8
1	197172159	197172248	ZBTB41_9
1	197153679	197160014	ZBTB41_10
1	197268203	197268482	CRB1_1
1	197328421	197329003	CRB1_2
1	197344280	197344476	CRB1_3
1	197347339	197347479	CRB1_4
1	197356830	197357013	CRB1_5
1	197420999	197421956	CRB1_6
1	197435599	197435612	CRB1_7
1	197438546	197438675	CRB1_8
1	197442165	197442292	CRB1_9
1	197477663	197478454	CRB1_10
1	197268203	197268482	CRB1_1
1	197328421	197329003	CRB1_2
1	197344280	197344476	CRB1_3
1	197347339	197347479	CRB1_4
1	197356830	197357013	CRB1_5
1	197420999	197421956	CRB1_6
1	197427453	197428001	CRB1_7
1	197428973	197429108	CRB1_8
1	197429448	197429614	CRB1_9
1	197434705	197435612	CRB1_10
1	197438546	197438675	CRB1_11
1	197442165	197442292	CRB1_12
1	197477663	197478454	CRB1_13
1	197268251	197268482	CRB1_1
1	197328421	197329003	CRB1_2
1	197344280	197344476	CRB1_3
1	197347339	197347479	CRB1_4
1	197356830	197357013	CRB1_5
1	197420999	197421956	CRB1_6
1	197427453	197428001	CRB1_7
1	197429448	197429614	CRB1_8
1	197434705	197435612	CRB1_9
1	197438546	197438675	CRB1_10
1	197442165	197442292	CRB1_11
1	197477663	197478455	CRB1_12
1	197268277	197268482	CRB1_1
1	197328421	197329003	CRB1_2
1	197344280	197344476	CRB1_3
1	197347339	197347479	CRB1_4
1	197356830	197357013	CRB1_5
1	197420999	197421956	CRB1_6
1	197427453	197428001	CRB1_7
1	197429448	197429614	CRB1_8
1	197434705	197435612	CRB1_9
1	197438546	197438675	CRB1_10
1	197442165	197442500	CRB1_11
1	197268412	197268482	CRB1_1
1	197328421	197329003	CRB1_2
1	197356830	197357013	CRB1_3
1	197420999	197421956	CRB1_4
1	197427453	197428001	CRB1_5
1	197429448	197429614	CRB1_6
1	197434705	197435612	CRB1_7
1	197438546	197438675	CRB1_8
1	197442165	197442292	CRB1_9
1	197477663	197477879	CRB1_10
1	197413828	197414000	CRB1_1
1	197420999	197421956	CRB1_2
1	197427453	197428001	CRB1_3
1	197429448	197429614	CRB1_4
1	197434705	197435612	CRB1_5
1	197438546	197444819	CRB1_6
1	197775138	197775480	DENND1B_1
1	197772867	197772932	DENND1B_2
1	197715030	197715074	DENND1B_3
1	197674119	197674169	DENND1B_4
1	197672036	197672156	DENND1B_5
1	197658299	197658369	DENND1B_6
1	197652234	197652315	DENND1B_7
1	197647054	197647114	DENND1B_8
1	197645689	197645743	DENND1B_9
1	197642710	197642821	DENND1B_10
1	197617658	197617759	DENND1B_11
1	197611930	197611976	DENND1B_12
1	197607072	197607174	DENND1B_13
1	197595207	197595333	DENND1B_14
1	197583151	197583253	DENND1B_15
1	197553021	197553112	DENND1B_16
1	197546732	197546773	DENND1B_17
1	197545921	197545990	DENND1B_18
1	197540958	197541015	DENND1B_19
1	197539963	197540071	DENND1B_20
1	197512870	197512953	DENND1B_21
1	197511727	197511944	DENND1B_22
1	197504747	197510972	DENND1B_23
1	197775138	197775192	DENND1B_1
1	197772867	197772932	DENND1B_2
1	197735585	197735796	DENND1B_3
1	197715030	197715074	DENND1B_4
1	197674119	197674169	DENND1B_5
1	197672036	197672156	DENND1B_6
1	197658299	197658369	DENND1B_7
1	197652234	197652315	DENND1B_8
1	197645689	197645743	DENND1B_9
1	197642710	197642821	DENND1B_10
1	197617658	197617759	DENND1B_11
1	197611930	197611976	DENND1B_12
1	197607072	197607174	DENND1B_13
1	197595207	197595333	DENND1B_14
1	197583151	197583253	DENND1B_15
1	197552254	197553112	DENND1B_16
1	197775138	197775325	DENND1B_1
1	197772867	197772932	DENND1B_2
1	197715030	197715074	DENND1B_3
1	197674119	197674169	DENND1B_4
1	197672036	197672156	DENND1B_5
1	197658299	197658369	DENND1B_6
1	197652234	197652315	DENND1B_7
1	197647054	197647114	DENND1B_8
1	197645689	197645743	DENND1B_9
1	197642710	197642821	DENND1B_10
1	197617658	197617759	DENND1B_11
1	197611930	197611976	DENND1B_12
1	197607072	197607174	DENND1B_13
1	197595207	197595333	DENND1B_14
1	197583151	197583253	DENND1B_15
1	197552254	197553112	DENND1B_16
1	197746750	197747451	FAM204BP_1
1	197902629	197902913	C1orf53_1
1	197905795	197905897	C1orf53_2
1	197907148	197907362	C1orf53_3
1	197912490	197912559	LHX9_1
1	197917878	197917997	LHX9_2
1	197919971	197920174	LHX9_3
1	197921303	197921659	LHX9_4
1	197927590	197927793	LHX9_5
1	197931918	197932591	LHX9_6
1	197912504	197912559	LHX9_1
1	197917878	197917997	LHX9_2
1	197919971	197920174	LHX9_3
1	197921303	197921659	LHX9_4
1	197927590	197927793	LHX9_5
1	197929001	197935478	LHX9_6
1	197915836	197916751	LHX9_1
1	197917878	197917997	LHX9_2
1	197919971	197920174	LHX9_3
1	197921303	197921659	LHX9_4
1	197927590	197927793	LHX9_5
1	197931918	197932266	LHX9_6
1	197917354	197917542	LHX9_1
1	197917878	197917997	LHX9_2
1	197918315	197918766	LHX9_3
1	197917371	197917997	LHX9_1
1	197919971	197920174	LHX9_2
1	197921303	197921659	LHX9_3
1	197927590	197927793	LHX9_4
1	197929001	197935478	LHX9_5
1	198156997	198157096	NEK7_1
1	198156997	198157276	NEK7_1
1	198157120	198157276	NEK7_1
3	200027613	200027911	NR5A2_1
3	200043773	200043892	NR5A2_2
3	200045442	200045584	NR5A2_3
3	200048171	200048818	NR5A2_4
3	200111201	200111321	NR5A2_5
3	200120807	200120955	NR5A2_6
3	200173962	200175603	NR5A2_7
3	200027709	200027911	NR5A2_1
3	200039657	200039795	NR5A2_2
3	200043773	200043892	NR5A2_3
3	200045442	200045584	NR5A2_4
3	200048171	200048818	NR5A2_5
3	200111201	200111321	NR5A2_6
3	200120807	200120955	NR5A2_7
3	200173962	200177415	NR5A2_8
3	200042824	200042965	NR5A2_1
3	200043773	200043892	NR5A2_2
3	200045442	200045584	NR5A2_3
3	200048171	200048818	NR5A2_4
3	200111201	200111321	NR5A2_5
3	200120807	200120955	NR5A2_6
3	200173962	200177420	NR5A2_7
3	200409945	200410056	ZNF281_1
3	200404939	200409719	ZNF281_2
3	200409945	200410036	ZNF281_1
3	200404950	200409723	ZNF281_2
3	200409945	200409992	ZNF281_1
3	200409560	200409723	ZNF281_2
3	200406729	200409452	ZNF281_3
3	200617611	200618723	KIF14_1
3	200615354	200615609	KIF14_2
3	200614317	200614405	KIF14_3
3	200608829	200608928	KIF14_4
3	200606745	200606798	KIF14_5
3	200605863	200605894	KIF14_6
3	200605282	200605390	KIF14_7
3	200603838	200603955	KIF14_8
3	200603225	200603341	KIF14_9
3	200601895	200602068	KIF14_10
3	200600355	200600503	KIF14_11
3	200600049	200600113	KIF14_12
3	200598236	200598421	KIF14_13
3	200593666	200593769	KIF14_14
3	200592079	200592240	KIF14_15
3	200590124	200590272	KIF14_16
3	200589216	200589369	KIF14_17
3	200586100	200586227	KIF14_18
3	200581200	200581294	KIF14_19
3	200580253	200580383	KIF14_20
3	200575590	200575691	KIF14_21
3	200569910	200570005	KIF14_22
3	200565444	200565669	KIF14_23
3	200565068	200565253	KIF14_24
3	200560721	200560880	KIF14_25
3	200559329	200559452	KIF14_26
3	200555379	200555454	KIF14_27
3	200554467	200554606	KIF14_28
3	200551496	200553767	KIF14_29
3	200620410	200620751	KIF14_1
3	200617611	200618838	KIF14_2
3	200615354	200615609	KIF14_3
3	200614317	200614405	KIF14_4
3	200608829	200608928	KIF14_5
3	200606745	200606798	KIF14_6
3	200605863	200605894	KIF14_7
3	200605282	200605390	KIF14_8
3	200603838	200603955	KIF14_9
3	200603225	200603341	KIF14_10
3	200601895	200602068	KIF14_11
3	200600355	200600503	KIF14_12
3	200600049	200600113	KIF14_13
3	200598236	200598421	KIF14_14
3	200593666	200593769	KIF14_15
3	200592079	200592240	KIF14_16
3	200590124	200590272	KIF14_17
3	200589216	200589369	KIF14_18
3	200586100	200586227	KIF14_19
3	200581200	200581294	KIF14_20
3	200580253	200580383	KIF14_21
3	200575590	200575691	KIF14_22
3	200569910	200570005	KIF14_23
3	200565444	200565669	KIF14_24
3	200565068	200565253	KIF14_25
3	200560721	200560880	KIF14_26
3	200559329	200559452	KIF14_27
3	200555379	200555454	KIF14_28
3	200554467	200554606	KIF14_29
3	200551499	200553767	KIF14_30
3	200669766	200669907	DDX59_1
3	200665936	200666751	DDX59_2
3	200663918	200664086	DDX59_3
3	200659026	200659116	DDX59_4
3	200650424	200650676	DDX59_5
3	200649073	200649226	DDX59_6
3	200648438	200648567	DDX59_7
3	200623895	200625047	DDX59_8
3	200669766	200669907	DDX59_1
3	200665936	200666751	DDX59_2
3	200663918	200664086	DDX59_3
3	200659026	200659116	DDX59_4
3	200650424	200650676	DDX59_5
3	200649073	200649226	DDX59_6
3	200648438	200648567	DDX59_7
3	200644036	200644517	DDX59_8
3	200669506	200669622	DDX59-AS1_1
3	200690308	200690430	DDX59-AS1_2
3	200693752	200694250	DDX59-AS1_3
3	200739557	200739966	CAMSAP2_1
3	200760838	200761098	CAMSAP2_2
3	200807375	200807537	CAMSAP2_3
3	200815560	200815644	CAMSAP2_4
3	200832199	200832341	CAMSAP2_5
3	200832705	200832845	CAMSAP2_6
3	200841993	200842087	CAMSAP2_7
3	200844781	200844869	CAMSAP2_8
3	200847209	200847292	CAMSAP2_9
3	200847639	200847709	CAMSAP2_10
3	200848031	200850234	CAMSAP2_11
3	200852540	200852677	CAMSAP2_12
3	200853274	200853495	CAMSAP2_13
3	200854816	200854889	CAMSAP2_14
3	200856009	200856125	CAMSAP2_15
3	200857305	200857424	CAMSAP2_16
3	200857753	200860704	CAMSAP2_17
3	200739778	200739966	CAMSAP2_1
3	200760838	200761098	CAMSAP2_2
3	200807375	200807537	CAMSAP2_3
3	200815560	200815644	CAMSAP2_4
3	200832199	200832341	CAMSAP2_5
3	200832705	200832845	CAMSAP2_6
3	200841993	200842087	CAMSAP2_7
3	200844781	200844869	CAMSAP2_8
3	200847257	200847292	CAMSAP2_9
3	200847639	200847709	CAMSAP2_10
3	200848031	200850234	CAMSAP2_11
3	200852540	200852677	CAMSAP2_12
3	200853274	200853495	CAMSAP2_13
3	200854816	200854889	CAMSAP2_14
3	200856009	200856125	CAMSAP2_15
3	200857305	200857424	CAMSAP2_16
3	200857753	200858119	CAMSAP2_17
3	200739778	200739966	CAMSAP2_1
3	200760838	200761098	CAMSAP2_2
3	200807375	200807537	CAMSAP2_3
3	200815560	200815644	CAMSAP2_4
3	200828572	200828605	CAMSAP2_5
3	200832199	200832341	CAMSAP2_6
3	200832705	200832845	CAMSAP2_7
3	200841993	200842087	CAMSAP2_8
3	200844781	200844869	CAMSAP2_9
3	200847209	200847292	CAMSAP2_10
3	200847639	200847709	CAMSAP2_11
3	200848031	200850234	CAMSAP2_12
3	200852540	200852677	CAMSAP2_13
3	200853274	200853495	CAMSAP2_14
3	200854816	200854889	CAMSAP2_15
3	200856009	200856125	CAMSAP2_16
3	200857305	200857424	CAMSAP2_17
3	200857753	200860701	CAMSAP2_18
3	200872980	200874178	GPR25_1
3	200891340	200891701	INAVA_1
3	200898306	200898455	INAVA_2
3	200899472	200899597	INAVA_3
3	200900103	200900220	INAVA_4
3	200900936	200901159	INAVA_5
3	200907833	200907887	INAVA_6
3	200908729	200908940	INAVA_7
3	200909223	200909397	INAVA_8
3	200911452	200912137	INAVA_9
3	200913536	200915735	INAVA_10
3	200894899	200895087	INAVA_1
3	200898306	200898455	INAVA_2
3	200899472	200899597	INAVA_3
3	200900103	200900220	INAVA_4
3	200900936	200901159	INAVA_5
3	200907833	200907887	INAVA_6
3	200908729	200908940	INAVA_7
3	200909223	200909397	INAVA_8
3	200911452	200912137	INAVA_9
3	200913536	200915742	INAVA_10
3	201023342	201023700	KIF21B_1
3	201009265	201009488	KIF21B_2
3	201008768	201008951	KIF21B_3
3	201005544	201005694	KIF21B_4
3	201005307	201005442	KIF21B_5
3	201004765	201004933	KIF21B_6
3	201004339	201004455	KIF21B_7
3	201003585	201003781	KIF21B_8
3	201002160	201002350	KIF21B_9
3	201000716	201000780	KIF21B_10
3	201000389	201000608	KIF21B_11
3	200999882	200999964	KIF21B_12
3	200999348	200999466	KIF21B_13
3	200998383	200998575	KIF21B_14
3	200996195	200996395	KIF21B_15
3	200992281	200992389	KIF21B_16
3	200991656	200991725	KIF21B_17
3	200990916	200991149	KIF21B_18
3	200990575	200990723	KIF21B_19
3	200990137	200990332	KIF21B_20
3	200989941	200990043	KIF21B_21
3	200988765	200988931	KIF21B_22
3	200988492	200988544	KIF21B_23
3	200988295	200988353	KIF21B_24
3	200986995	200987201	KIF21B_25
3	200986843	200986918	KIF21B_26
3	200984858	200984972	KIF21B_27
3	200980959	200981096	KIF21B_28
3	200979534	200979715	KIF21B_29
3	200977211	200977376	KIF21B_30
3	200976775	200976893	KIF21B_31
3	200975498	200975669	KIF21B_32
3	200974713	200974913	KIF21B_33
3	200969389	200974194	KIF21B_34
3	201023342	201023408	KIF21B_1
3	201009265	201009488	KIF21B_2
3	201008768	201008951	KIF21B_3
3	201005544	201005694	KIF21B_4
3	201005307	201005442	KIF21B_5
3	201004765	201004933	KIF21B_6
3	201004339	201004455	KIF21B_7
3	201003585	201003781	KIF21B_8
3	201002160	201002350	KIF21B_9
3	201000716	201000780	KIF21B_10
3	201000389	201000608	KIF21B_11
3	200999882	200999964	KIF21B_12
3	200999348	200999466	KIF21B_13
3	200998383	200998575	KIF21B_14
3	200996195	200996395	KIF21B_15
3	200992281	200992389	KIF21B_16
3	200991656	200991725	KIF21B_17
3	200990916	200991149	KIF21B_18
3	200990575	200990723	KIF21B_19
3	200990137	200990332	KIF21B_20
3	200989941	200990043	KIF21B_21
3	200988765	200988931	KIF21B_22
3	200988492	200988544	KIF21B_23
3	200988295	200988353	KIF21B_24
3	200986995	200987201	KIF21B_25
3	200986843	200986918	KIF21B_26
3	200984858	200984972	KIF21B_27
3	200983055	200983094	KIF21B_28
3	200980959	200981096	KIF21B_29
3	200979534	200979715	KIF21B_30
3	200977211	200977376	KIF21B_31
3	200976775	200976893	KIF21B_32
3	200975498	200975669	KIF21B_33
3	200974713	200974913	KIF21B_34
3	200972989	200973578	KIF21B_35
3	201023342	201023408	KIF21B_1
3	201009265	201009488	KIF21B_2
3	201008768	201008951	KIF21B_3
3	201005544	201005694	KIF21B_4
3	201005307	201005442	KIF21B_5
3	201004765	201004933	KIF21B_6
3	201004339	201004455	KIF21B_7
3	201003585	201003781	KIF21B_8
3	201002160	201002350	KIF21B_9
3	201000716	201000780	KIF21B_10
3	201000389	201000608	KIF21B_11
3	200999882	200999964	KIF21B_12
3	200999348	200999466	KIF21B_13
3	200998383	200998575	KIF21B_14
3	200996195	200996395	KIF21B_15
3	200992281	200992389	KIF21B_16
3	200991656	200991725	KIF21B_17
3	200990916	200991149	KIF21B_18
3	200990575	200990723	KIF21B_19
3	200990137	200990332	KIF21B_20
3	200989941	200990043	KIF21B_21
3	200988765	200988931	KIF21B_22
3	200988492	200988544	KIF21B_23
3	200988295	200988353	KIF21B_24
3	200986995	200987201	KIF21B_25
3	200986843	200986918	KIF21B_26
3	200984858	200984972	KIF21B_27
3	200980959	200981096	KIF21B_28
3	200979534	200979715	KIF21B_29
3	200977211	200977376	KIF21B_30
3	200976775	200976893	KIF21B_31
3	200975498	200975669	KIF21B_32
3	200974713	200974913	KIF21B_33
3	200972989	200973578	KIF21B_34
3	201023342	201023700	KIF21B_1
3	201009265	201009488	KIF21B_2
3	201008768	201008951	KIF21B_3
3	201005544	201005694	KIF21B_4
3	201005307	201005442	KIF21B_5
3	201004765	201004933	KIF21B_6
3	201004339	201004455	KIF21B_7
3	201003585	201003781	KIF21B_8
3	201002160	201002350	KIF21B_9
3	201000716	201000780	KIF21B_10
3	201000389	201000608	KIF21B_11
3	200999882	200999964	KIF21B_12
3	200999348	200999466	KIF21B_13
3	200998383	200998575	KIF21B_14
3	200996195	200996395	KIF21B_15
3	200992281	200992389	KIF21B_16
3	200991656	200991725	KIF21B_17
3	200990916	200991149	KIF21B_18
3	200990575	200990723	KIF21B_19
3	200990137	200990332	KIF21B_20
3	200989941	200990043	KIF21B_21
3	200988765	200988931	KIF21B_22
3	200988492	200988544	KIF21B_23
3	200988295	200988353	KIF21B_24
3	200986995	200987201	KIF21B_25
3	200986843	200986918	KIF21B_26
3	200984858	200984972	KIF21B_27
3	200983055	200983094	KIF21B_28
3	200980959	200981096	KIF21B_29
3	200979534	200979715	KIF21B_30
3	200977211	200977376	KIF21B_31
3	200976775	200976893	KIF21B_32
3	200975498	200975669	KIF21B_33
3	200974713	200974913	KIF21B_34
3	200973806	200974194	KIF21B_35
3	201112187	201112426	CACNA1S_1
3	201110163	201110269	CACNA1S_2
3	201093881	201094021	CACNA1S_3
3	201091971	201092114	CACNA1S_4
3	201091639	201091792	CACNA1S_5
3	201089257	201089463	CACNA1S_6
3	201087825	201087929	CACNA1S_7
3	201085435	201085581	CACNA1S_8
3	201084949	201085031	CACNA1S_9
3	201083161	201083322	CACNA1S_10
3	201077878	201078104	CACNA1S_11
3	201076919	201077127	CACNA1S_12
3	201075494	201075615	CACNA1S_13
3	201074505	201074620	CACNA1S_14
3	201073548	201073642	CACNA1S_15
3	201072754	201072824	CACNA1S_16
3	201070271	201070404	CACNA1S_17
3	201069471	201069601	CACNA1S_18
3	201069136	201069196	CACNA1S_19
3	201066886	201066993	CACNA1S_20
3	201066228	201066316	CACNA1S_21
3	201065837	201065945	CACNA1S_22
3	201062461	201062514	CACNA1S_23
3	201061943	201062090	CACNA1S_24
3	201061266	201061468	CACNA1S_25
3	201060657	201060816	CACNA1S_26
3	201059188	201059299	CACNA1S_27
3	201058407	201058491	CACNA1S_28
3	201054504	201054561	CACNA1S_29
3	201053458	201053587	CACNA1S_30
3	201053208	201053274	CACNA1S_31
3	201052556	201052648	CACNA1S_32
3	201050983	201051143	CACNA1S_33
3	201050388	201050516	CACNA1S_34
3	201049002	201049099	CACNA1S_35
3	201048581	201048684	CACNA1S_36
3	201047524	201047626	CACNA1S_37
3	201047114	201047239	CACNA1S_38
3	201044327	201044456	CACNA1S_39
3	201043280	201043531	CACNA1S_40
3	201041503	201041589	CACNA1S_41
3	201040621	201040713	CACNA1S_42
3	201040230	201040374	CACNA1S_43
3	201039511	201040082	CACNA1S_44
3	201112187	201112451	CACNA1S_1
3	201110163	201110269	CACNA1S_2
3	201093881	201094021	CACNA1S_3
3	201091971	201092114	CACNA1S_4
3	201091639	201091792	CACNA1S_5
3	201089257	201089463	CACNA1S_6
3	201087825	201087929	CACNA1S_7
3	201085435	201085581	CACNA1S_8
3	201084949	201085031	CACNA1S_9
3	201083161	201083322	CACNA1S_10
3	201077878	201078104	CACNA1S_11
3	201076919	201077127	CACNA1S_12
3	201075494	201075615	CACNA1S_13
3	201074505	201074620	CACNA1S_14
3	201073548	201073642	CACNA1S_15
3	201072754	201072824	CACNA1S_16
3	201070271	201070404	CACNA1S_17
3	201069471	201069601	CACNA1S_18
3	201069136	201069196	CACNA1S_19
3	201066886	201066993	CACNA1S_20
3	201066228	201066316	CACNA1S_21
3	201065837	201065945	CACNA1S_22
3	201062461	201062514	CACNA1S_23
3	201061943	201062090	CACNA1S_24
3	201061266	201061468	CACNA1S_25
3	201060657	201060816	CACNA1S_26
3	201059188	201059299	CACNA1S_27
3	201058407	201058491	CACNA1S_28
3	201053458	201053587	CACNA1S_29
3	201053208	201053274	CACNA1S_30
3	201052556	201052648	CACNA1S_31
3	201050983	201051143	CACNA1S_32
3	201050388	201050516	CACNA1S_33
3	201049002	201049099	CACNA1S_34
3	201048581	201048684	CACNA1S_35
3	201047524	201047626	CACNA1S_36
3	201047114	201047239	CACNA1S_37
3	201044327	201044456	CACNA1S_38
3	201043280	201043531	CACNA1S_39
3	201041503	201041589	CACNA1S_40
3	201040621	201040713	CACNA1S_41
3	201040230	201040374	CACNA1S_42
3	201039511	201040082	CACNA1S_43
3	201113952	201115372	ASCL5_1
3	201127083	201127184	ASCL5_1
3	201113952	201115877	ASCL5_2
3	201153857	201154474	TMEM9_1
3	201151760	201151852	TMEM9_2
3	201146739	201146848	TMEM9_3
3	201143819	201143951	TMEM9_4
3	201134771	201135815	TMEM9_5
3	201154444	201154494	TMEM9_1
3	201153857	201153959	TMEM9_2
3	201151760	201151852	TMEM9_3
3	201146739	201146848	TMEM9_4
3	201143819	201143951	TMEM9_5
3	201134771	201135815	TMEM9_6
3	201171489	201171574	TMEM9_1
3	201153857	201153959	TMEM9_2
3	201151760	201151852	TMEM9_3
3	201146739	201146848	TMEM9_4
3	201143819	201143951	TMEM9_5
3	201134771	201135815	TMEM9_6
3	201154444	201154501	TMEM9_1
3	201153848	201153959	TMEM9_2
3	201151760	201151852	TMEM9_3
3	201146739	201146848	TMEM9_4
3	201143819	201143951	TMEM9_5
3	201134772	201135815	TMEM9_6
3	201154147	201154433	TMEM9_1
3	201153857	201153959	TMEM9_2
3	201151760	201151852	TMEM9_3
3	201146739	201146848	TMEM9_4
3	201143819	201143951	TMEM9_5
3	201135598	201135815	TMEM9_6
3	201190823	201190907	IGFN1_1
3	201193246	201193300	IGFN1_2
3	201194153	201194273	IGFN1_3
3	201195838	201195978	IGFN1_4
3	201197217	201197317	IGFN1_5
3	201199333	201199378	IGFN1_6
3	201199608	201199654	IGFN1_7
3	201200236	201200411	IGFN1_8
3	201201718	201201832	IGFN1_9
3	201203737	201203906	IGFN1_10
3	201205081	201205354	IGFN1_11
3	201206082	201213621	IGFN1_12
3	201214176	201214301	IGFN1_13
3	201215012	201215154	IGFN1_14
3	201215538	201215838	IGFN1_15
3	201216453	201216753	IGFN1_16
3	201217286	201217460	IGFN1_17
3	201218529	201218658	IGFN1_18
3	201221443	201221746	IGFN1_19
3	201222738	201222827	IGFN1_20
3	201224678	201224874	IGFN1_21
3	201225823	201226123	IGFN1_22
3	201226881	201227208	IGFN1_23
3	201228385	201228952	IGFN1_24
3	201190824	201190907	IGFN1_1
3	201193246	201193300	IGFN1_2
3	201194153	201194273	IGFN1_3
3	201195838	201195978	IGFN1_4
3	201197217	201197317	IGFN1_5
3	201199333	201199378	IGFN1_6
3	201199608	201199654	IGFN1_7
3	201200236	201200411	IGFN1_8
3	201201718	201201832	IGFN1_9
3	201203737	201203906	IGFN1_10
3	201205081	201205354	IGFN1_11
3	201206082	201206134	IGFN1_12
3	201213505	201213621	IGFN1_13
3	201214176	201214301	IGFN1_14
3	201215012	201215154	IGFN1_15
3	201215538	201215838	IGFN1_16
3	201216453	201216753	IGFN1_17
3	201217286	201217460	IGFN1_18
3	201218529	201218658	IGFN1_19
3	201221443	201221746	IGFN1_20
3	201222738	201222827	IGFN1_21
3	201224678	201224874	IGFN1_22
3	201225823	201226123	IGFN1_23
3	201226881	201227208	IGFN1_24
3	201228385	201228952	IGFN1_25
3	201283451	201283904	PKP1_1
3	201293941	201294045	PKP1_2
3	201313165	201313560	PKP1_3
3	201316552	201316697	PKP1_4
3	201317571	201317779	PKP1_5
3	201318617	201318795	PKP1_6
3	201320266	201320381	PKP1_7
3	201321977	201322133	PKP1_8
3	201323012	201323189	PKP1_9
3	201324427	201324581	PKP1_10
3	201324940	201325127	PKP1_11
3	201325753	201325838	PKP1_12
3	201328761	201328868	PKP1_13
3	201330073	201332993	PKP1_14
3	201283451	201283904	PKP1_1
3	201293941	201294045	PKP1_2
3	201313165	201313560	PKP1_3
3	201316552	201316697	PKP1_4
3	201317571	201317779	PKP1_5
3	201318617	201318795	PKP1_6
3	201319815	201319878	PKP1_7
3	201320266	201320381	PKP1_8
3	201321977	201322133	PKP1_9
3	201323012	201323189	PKP1_10
3	201324427	201324581	PKP1_11
3	201324940	201325127	PKP1_12
3	201325753	201325838	PKP1_13
3	201328761	201328868	PKP1_14
3	201330073	201332993	PKP1_15
3	201283702	201283904	PKP1_1
3	201293941	201294045	PKP1_2
3	201313165	201313560	PKP1_3
3	201316552	201316697	PKP1_4
3	201317571	201317779	PKP1_5
3	201318617	201318795	PKP1_6
3	201319815	201319878	PKP1_7
3	201320266	201320381	PKP1_8
3	201321977	201322133	PKP1_9
3	201323012	201323189	PKP1_10
3	201324427	201324581	PKP1_11
3	201324940	201325127	PKP1_12
3	201325753	201325838	PKP1_13
3	201328761	201328836	PKP1_14
3	201377622	201377764	TNNT2_1
3	201377130	201377211	TNNT2_2
3	201373213	201373264	TNNT2_3
3	201372144	201372155	TNNT2_4
3	201372026	201372041	TNNT2_5
3	201368161	201368227	TNNT2_6
3	201367770	201367806	TNNT2_7
3	201366837	201366871	TNNT2_8
3	201365609	201365670	TNNT2_9
3	201365190	201365307	TNNT2_10
3	201364297	201364375	TNNT2_11
3	201363295	201363406	TNNT2_12
3	201362385	201362394	TNNT2_13
3	201361912	201362022	TNNT2_14
3	201361278	201361369	TNNT2_15
3	201359622	201359663	TNNT2_16
3	201359007	201359255	TNNT2_17
3	201373213	201373254	TNNT2_1
3	201372144	201372155	TNNT2_2
3	201368161	201368227	TNNT2_3
3	201367770	201367806	TNNT2_4
3	201366837	201366871	TNNT2_5
3	201365609	201365670	TNNT2_6
3	201365190	201365307	TNNT2_7
3	201364297	201364375	TNNT2_8
3	201363295	201363406	TNNT2_9
3	201362385	201362391	TNNT2_10
3	201361912	201362022	TNNT2_11
3	201361278	201361369	TNNT2_12
3	201359622	201359663	TNNT2_13
3	201359008	201359255	TNNT2_14
3	201373213	201373254	TNNT2_1
3	201372144	201372155	TNNT2_2
3	201372026	201372041	TNNT2_3
3	201369815	201369845	TNNT2_4
3	201368161	201368227	TNNT2_5
3	201367770	201367803	TNNT2_6
3	201366837	201366871	TNNT2_7
3	201365609	201365670	TNNT2_8
3	201364297	201364375	TNNT2_9
3	201363295	201363406	TNNT2_10
3	201361912	201362022	TNNT2_11
3	201361278	201361369	TNNT2_12
3	201359622	201359663	TNNT2_13
3	201359008	201359255	TNNT2_14
3	201373213	201373254	TNNT2_1
3	201372144	201372155	TNNT2_2
3	201372026	201372041	TNNT2_3
3	201369815	201369845	TNNT2_4
3	201368161	201368227	TNNT2_5
3	201367770	201367806	TNNT2_6
3	201366837	201366871	TNNT2_7
3	201365609	201365670	TNNT2_8
3	201365190	201365307	TNNT2_9
3	201364297	201364375	TNNT2_10
3	201363295	201363406	TNNT2_11
3	201362385	201362394	TNNT2_12
3	201361912	201362022	TNNT2_13
3	201361278	201361369	TNNT2_14
3	201359622	201359663	TNNT2_15
3	201359008	201359255	TNNT2_16
3	201377622	201377700	TNNT2_1
3	201373205	201373268	TNNT2_2
3	201372026	201372045	TNNT2_3
3	201369815	201369845	TNNT2_4
3	201368161	201368227	TNNT2_5
3	201367770	201367806	TNNT2_6
3	201366837	201366871	TNNT2_7
3	201365609	201365670	TNNT2_8
3	201365190	201365307	TNNT2_9
3	201364297	201364375	TNNT2_10
3	201363295	201363406	TNNT2_11
3	201361912	201362022	TNNT2_12
3	201361278	201361369	TNNT2_13
3	201359622	201359663	TNNT2_14
3	201359008	201359255	TNNT2_15
3	201377622	201377680	TNNT2_1
3	201373213	201373268	TNNT2_2
3	201372144	201372155	TNNT2_3
3	201372026	201372041	TNNT2_4
3	201368161	201368227	TNNT2_5
3	201367770	201367806	TNNT2_6
3	201366837	201366871	TNNT2_7
3	201365609	201365670	TNNT2_8
3	201365190	201365307	TNNT2_9
3	201364297	201364375	TNNT2_10
3	201363295	201363406	TNNT2_11
3	201362385	201362394	TNNT2_12
3	201361912	201362022	TNNT2_13
3	201361278	201361369	TNNT2_14
3	201359622	201359663	TNNT2_15
3	201359013	201359255	TNNT2_16
3	201377622	201377680	TNNT2_1
3	201373213	201373268	TNNT2_2
3	201372144	201372155	TNNT2_3
3	201372026	201372041	TNNT2_4
3	201369815	201369845	TNNT2_5
3	201368161	201368227	TNNT2_6
3	201367770	201367806	TNNT2_7
3	201366837	201366871	TNNT2_8
3	201365609	201365670	TNNT2_9
3	201365190	201365307	TNNT2_10
3	201364297	201364375	TNNT2_11
3	201363295	201363406	TNNT2_12
3	201361912	201362022	TNNT2_13
3	201361278	201361369	TNNT2_14
3	201359622	201359663	TNNT2_15
3	201359013	201359255	TNNT2_16
3	201377622	201377680	TNNT2_1
3	201373213	201373268	TNNT2_2
3	201372144	201372155	TNNT2_3
3	201372026	201372041	TNNT2_4
3	201369815	201369845	TNNT2_5
3	201368161	201368227	TNNT2_6
3	201367770	201367806	TNNT2_7
3	201366837	201366871	TNNT2_8
3	201365609	201365670	TNNT2_9
3	201365190	201365307	TNNT2_10
3	201364297	201364375	TNNT2_11
3	201363295	201363406	TNNT2_12
3	201362385	201362394	TNNT2_13
3	201361912	201362022	TNNT2_14
3	201361278	201361369	TNNT2_15
3	201359622	201359663	TNNT2_16
3	201359013	201359255	TNNT2_17
3	201377622	201377684	TNNT2_1
3	201373213	201373268	TNNT2_2
3	201372144	201372155	TNNT2_3
3	201372026	201372041	TNNT2_4
3	201368161	201368227	TNNT2_5
3	201367770	201367803	TNNT2_6
3	201366837	201366871	TNNT2_7
3	201365609	201365670	TNNT2_8
3	201365190	201365307	TNNT2_9
3	201364297	201364375	TNNT2_10
3	201363295	201363406	TNNT2_11
3	201361912	201362022	TNNT2_12
3	201361278	201361369	TNNT2_13
3	201359622	201359663	TNNT2_14
3	201359013	201359255	TNNT2_15
3	201373215	201373266	TNNT2_1
3	201373196	201373211	TNNT2_2
3	201372026	201372045	TNNT2_3
3	201368161	201368227	TNNT2_4
3	201367770	201367806	TNNT2_5
3	201366837	201366871	TNNT2_6
3	201365609	201365670	TNNT2_7
3	201365190	201365307	TNNT2_8
3	201364297	201364375	TNNT2_9
3	201363295	201363406	TNNT2_10
3	201361912	201362034	TNNT2_11
3	201361278	201361369	TNNT2_12
3	201359622	201359663	TNNT2_13
3	201359014	201359255	TNNT2_14
3	201373213	201373268	TNNT2_1
3	201372144	201372155	TNNT2_2
3	201372026	201372041	TNNT2_3
3	201368161	201368227	TNNT2_4
3	201367770	201367806	TNNT2_5
3	201366837	201366871	TNNT2_6
3	201365609	201365670	TNNT2_7
3	201365190	201365307	TNNT2_8
3	201364297	201364375	TNNT2_9
3	201363295	201363406	TNNT2_10
3	201362385	201362394	TNNT2_11
3	201361912	201362022	TNNT2_12
3	201361213	201361369	TNNT2_13
3	201359622	201359663	TNNT2_14
3	201359016	201359255	TNNT2_15
3	201377622	201377666	TNNT2_1
3	201373213	201373268	TNNT2_2
3	201372144	201372155	TNNT2_3
3	201372026	201372041	TNNT2_4
3	201368161	201368227	TNNT2_5
3	201367770	201367806	TNNT2_6
3	201366837	201366871	TNNT2_7
3	201365609	201365670	TNNT2_8
3	201365190	201365307	TNNT2_9
3	201364297	201364375	TNNT2_10
3	201363295	201363406	TNNT2_11
3	201361912	201362022	TNNT2_12
3	201361278	201361369	TNNT2_13
3	201359622	201359663	TNNT2_14
3	201359017	201359255	TNNT2_15
3	201377622	201377664	TNNT2_1
3	201373208	201373268	TNNT2_2
3	201368161	201368227	TNNT2_3
3	201367770	201367806	TNNT2_4
3	201366837	201366871	TNNT2_5
3	201365609	201365670	TNNT2_6
3	201365190	201365307	TNNT2_7
3	201364297	201364375	TNNT2_8
3	201363295	201363406	TNNT2_9
3	201361912	201362022	TNNT2_10
3	201361278	201361369	TNNT2_11
3	201359622	201359663	TNNT2_12
3	201359018	201359255	TNNT2_13
3	201377622	201377661	TNNT2_1
3	201373213	201373268	TNNT2_2
3	201372144	201372155	TNNT2_3
3	201372026	201372041	TNNT2_4
3	201369815	201369845	TNNT2_5
3	201368161	201368227	TNNT2_6
3	201367770	201367803	TNNT2_7
3	201366837	201366871	TNNT2_8
3	201365609	201365670	TNNT2_9
3	201364297	201364375	TNNT2_10
3	201363295	201363406	TNNT2_11
3	201361912	201362022	TNNT2_12
3	201361278	201361369	TNNT2_13
3	201359622	201359663	TNNT2_14
3	201359023	201359255	TNNT2_15
3	201377622	201377762	TNNT2_1
3	201373213	201373401	TNNT2_2
3	201372144	201372155	TNNT2_3
3	201372026	201372041	TNNT2_4
3	201368161	201368227	TNNT2_5
3	201367770	201367806	TNNT2_6
3	201366837	201366871	TNNT2_7
3	201365609	201365670	TNNT2_8
3	201365190	201365307	TNNT2_9
3	201364297	201364375	TNNT2_10
3	201363295	201363406	TNNT2_11
3	201362385	201362394	TNNT2_12
3	201361912	201362022	TNNT2_13
3	201361278	201361369	TNNT2_14
3	201359622	201359663	TNNT2_15
3	201359033	201359255	TNNT2_16
3	201377622	201377680	TNNT2_1
3	201373213	201373268	TNNT2_2
3	201372144	201372155	TNNT2_3
3	201368161	201368227	TNNT2_4
3	201367770	201367803	TNNT2_5
3	201366837	201366871	TNNT2_6
3	201365609	201365670	TNNT2_7
3	201365190	201365307	TNNT2_8
3	201364297	201364375	TNNT2_9
3	201363295	201363406	TNNT2_10
3	201362385	201362391	TNNT2_11
3	201361912	201362022	TNNT2_12
3	201361278	201361369	TNNT2_13
3	201359622	201359663	TNNT2_14
3	201359069	201359255	TNNT2_15
3	201399268	201399324	LAD1_1
3	201389159	201389303	LAD1_2
3	201386334	201387178	LAD1_3
3	201385700	201385805	LAD1_4
3	201384791	201384835	LAD1_5
3	201383316	201383389	LAD1_6
3	201383073	201383211	LAD1_7
3	201382652	201382739	LAD1_8
3	201382251	201382326	LAD1_9
3	201380832	201381893	LAD1_10
3	201399409	201399548	LAD1_1
3	201389159	201389303	LAD1_2
3	201386334	201387178	LAD1_3
3	201385700	201385805	LAD1_4
3	201384791	201384835	LAD1_5
3	201383316	201383389	LAD1_6
3	201383073	201383211	LAD1_7
3	201382652	201382739	LAD1_8
3	201382251	201382326	LAD1_9
3	201381206	201381893	LAD1_10
3	201421672	201421746	TNNI1_1
3	201417782	201417812	TNNI1_2
3	201415212	201415258	TNNI1_3
3	201414517	201414649	TNNI1_4
3	201413031	201413121	TNNI1_5
3	201411356	201411533	TNNI1_6
3	201410325	201410435	TNNI1_7
3	201403767	201409250	TNNI1_8
3	201421672	201421730	TNNI1_1
3	201417782	201417812	TNNI1_2
3	201417115	201417119	TNNI1_3
3	201415212	201415254	TNNI1_4
3	201414517	201414649	TNNI1_5
3	201413031	201413121	TNNI1_6
3	201411356	201411533	TNNI1_7
3	201410325	201410435	TNNI1_8
3	201403783	201409250	TNNI1_9
3	201429698	201429866	TNNI1_1
3	201428837	201429274	TNNI1_2
3	201427174	201427293	TNNI1_3
3	201421672	201421726	TNNI1_4
3	201417782	201417812	TNNI1_5
3	201417115	201417119	TNNI1_6
3	201415212	201415254	TNNI1_7
3	201414517	201414649	TNNI1_8
3	201413031	201413121	TNNI1_9
3	201411356	201411533	TNNI1_10
3	201410325	201410435	TNNI1_11
3	201408863	201409250	TNNI1_12
3	201422018	201422021	TNNI1_1
3	201421672	201421726	TNNI1_2
3	201417782	201417812	TNNI1_3
3	201417115	201417119	TNNI1_4
3	201415212	201415254	TNNI1_5
3	201414517	201414649	TNNI1_6
3	201413058	201413121	TNNI1_7
3	201410325	201410393	TNNI1_8
3	201409066	201409250	TNNI1_9
3	201421672	201421718	TNNI1_1
3	201417782	201417812	TNNI1_2
3	201417115	201417119	TNNI1_3
3	201415212	201415254	TNNI1_4
3	201414517	201414649	TNNI1_5
3	201413031	201413121	TNNI1_6
3	201411356	201411533	TNNI1_7
3	201409856	201410435	TNNI1_8
3	201468340	201469188	PHLDA3_1
3	201464277	201466178	PHLDA3_2
3	201469170	201469237	PHLDA3_1
3	201468340	201468948	PHLDA3_2
3	201465957	201466178	PHLDA3_3
3	201507069	201507123	CSRP1_1
3	201496191	201496304	CSRP1_2
3	201490175	201490344	CSRP1_3
3	201488854	201488984	CSRP1_4
3	201485282	201485376	CSRP1_5
3	201483529	201484789	CSRP1_6
3	201509436	201509456	CSRP1_1
3	201507069	201507412	CSRP1_2
3	201496191	201496304	CSRP1_3
3	201490175	201490344	CSRP1_4
3	201488854	201488984	CSRP1_5
3	201485282	201485376	CSRP1_6
3	201483529	201484789	CSRP1_7
3	201509436	201509456	CSRP1_1
3	201507069	201507412	CSRP1_2
3	201496191	201496304	CSRP1_3
3	201490175	201490344	CSRP1_4
3	201488872	201488984	CSRP1_5
3	201483925	201484058	CSRP1_6
3	201496421	201496573	CSRP1_1
3	201496191	201496304	CSRP1_2
3	201490175	201490344	CSRP1_3
3	201488854	201488984	CSRP1_4
3	201485282	201485376	CSRP1_5
3	201483978	201484789	CSRP1_6
3	201507069	201507123	CSRP1_1
3	201496275	201496304	CSRP1_2
3	201484239	201484738	CSRP1_3
3	201506623	201506839	CSRP1_1
3	201496191	201496304	CSRP1_2
3	201490175	201490344	CSRP1_3
3	201488854	201488984	CSRP1_4
3	201485282	201485376	CSRP1_5
3	201484362	201484789	CSRP1_6
3	201507069	201507123	CSRP1_1
3	201496237	201496304	CSRP1_2
3	201490175	201490291	CSRP1_3
3	201488854	201488984	CSRP1_4
3	201485282	201485376	CSRP1_5
3	201484676	201484789	CSRP1_6
3	201622884	201623610	NAV1_1
3	201622926	201623606	NAV1_1
3	201629403	201629507	NAV1_2
3	201648633	201649425	NAV1_3
3	201712816	201712919	NAV1_4
3	201718389	201718755	NAV1_5
3	201780420	201780559	NAV1_6
3	201781011	201781309	NAV1_7
3	201782175	201782869	NAV1_8
3	201783405	201783852	NAV1_9
3	201785309	201785351	NAV1_10
3	201786428	201786577	NAV1_11
3	201789739	201789792	NAV1_12
3	201790553	201790577	NAV1_13
3	201790688	201790766	NAV1_14
3	201793791	201793875	NAV1_15
3	201794465	201794577	NAV1_16
3	201803592	201803714	NAV1_17
3	201807952	201808149	NAV1_18
3	201808417	201808610	NAV1_19
3	201808702	201808871	NAV1_20
3	201809163	201809261	NAV1_21
3	201809441	201809537	NAV1_22
3	201809945	201810105	NAV1_23
3	201810522	201810758	NAV1_24
3	201811602	201811757	NAV1_25
3	201811902	201811974	NAV1_26
3	201812464	201812661	NAV1_27
3	201813139	201813258	NAV1_28
3	201817087	201817285	NAV1_29
3	201819836	201823344	NAV1_30
3	201648248	201649425	NAV1_1
3	201712816	201712919	NAV1_2
3	201718389	201718755	NAV1_3
3	201780420	201780559	NAV1_4
3	201781011	201781309	NAV1_5
3	201782175	201782869	NAV1_6
3	201783405	201783852	NAV1_7
3	201785309	201785351	NAV1_8
3	201786428	201786577	NAV1_9
3	201788467	201788638	NAV1_10
3	201789739	201789792	NAV1_11
3	201790553	201790577	NAV1_12
3	201790688	201790766	NAV1_13
3	201793791	201793875	NAV1_14
3	201794465	201794577	NAV1_15
3	201803592	201803714	NAV1_16
3	201804488	201804497	NAV1_17
3	201807952	201808149	NAV1_18
3	201808417	201808610	NAV1_19
3	201808702	201808871	NAV1_20
3	201809163	201809261	NAV1_21
3	201809441	201809537	NAV1_22
3	201809945	201810105	NAV1_23
3	201810522	201810758	NAV1_24
3	201811602	201811757	NAV1_25
3	201811902	201811974	NAV1_26
3	201812464	201812661	NAV1_27
3	201813139	201813258	NAV1_28
3	201817087	201817285	NAV1_29
3	201819836	201826969	NAV1_30
3	201739867	201740076	NAV1_1
3	201780420	201780559	NAV1_2
3	201781011	201781309	NAV1_3
3	201782175	201782869	NAV1_4
3	201783405	201783852	NAV1_5
3	201785309	201785351	NAV1_6
3	201786428	201786577	NAV1_7
3	201788467	201788638	NAV1_8
3	201789739	201789792	NAV1_9
3	201790553	201790577	NAV1_10
3	201790688	201790766	NAV1_11
3	201793791	201793875	NAV1_12
3	201794465	201794577	NAV1_13
3	201803592	201803714	NAV1_14
3	201807952	201808149	NAV1_15
3	201808417	201808610	NAV1_16
3	201808702	201808871	NAV1_17
3	201809163	201809261	NAV1_18
3	201809441	201809537	NAV1_19
3	201809945	201810105	NAV1_20
3	201810522	201810758	NAV1_21
3	201811602	201811757	NAV1_22
3	201811902	201811974	NAV1_23
3	201812464	201812661	NAV1_24
3	201813139	201813258	NAV1_25
3	201817087	201817285	NAV1_26
3	201819836	201826969	NAV1_27
3	201828950	201829559	IPO9-AS1_1
3	201817226	201817301	IPO9-AS1_2
3	201688258	201688413	IPO9-AS1_3
3	201828950	201829085	IPO9-AS1_1
3	201821960	201822099	IPO9-AS1_2
3	201820454	201820636	IPO9-AS1_3
3	201829156	201829372	IPO9_1
3	201847278	201847340	IPO9_2
3	201847551	201847638	IPO9_3
3	201848392	201848594	IPO9_4
3	201852103	201852192	IPO9_5
3	201853010	201853097	IPO9_6
3	201854594	201854714	IPO9_7
3	201854822	201854923	IPO9_8
3	201855123	201855182	IPO9_9
3	201855782	201855934	IPO9_10
3	201857095	201857194	IPO9_11
3	201858446	201858553	IPO9_12
3	201858854	201858994	IPO9_13
3	201863447	201863607	IPO9_14
3	201866732	201866959	IPO9_15
3	201868647	201868796	IPO9_16
3	201869589	201869718	IPO9_17
3	201870582	201870858	IPO9_18
3	201871160	201871327	IPO9_19
3	201872827	201872961	IPO9_20
3	201874249	201874372	IPO9_21
3	201874831	201874936	IPO9_22
3	201875151	201875228	IPO9_23
3	201875943	201884291	IPO9_24
3	201888707	201889067	SHISA4_1
3	201889444	201889616	SHISA4_2
3	201890453	201890587	SHISA4_3
3	201891400	201891568	SHISA4_4
3	201891799	201892306	SHISA4_5
3	201946079	201946548	LMOD1_1
3	201899236	201900751	LMOD1_2
3	201896455	201898398	LMOD1_3
3	201946079	201946588	LMOD1_1
3	201900337	201900751	LMOD1_2
3	201899236	201899428	LMOD1_3
3	201896455	201898398	LMOD1_4
3	201955502	201955552	TIMM17A_1
3	201957280	201957380	TIMM17A_2
3	201957510	201957574	TIMM17A_3
3	201963615	201963744	TIMM17A_4
3	201965432	201965543	TIMM17A_5
3	201969468	201970664	TIMM17A_6
3	201978460	201978595	SNORA70H_1
3	201982647	201983113	RNPEP_1
3	201988903	201989044	RNPEP_2
3	201989382	201989531	RNPEP_3
3	201996146	201996263	RNPEP_4
3	201997318	201997554	RNPEP_5
3	201999901	202000015	RNPEP_6
3	202001375	202001488	RNPEP_7
3	202001658	202001767	RNPEP_8
3	202003236	202003461	RNPEP_9
3	202004353	202004496	RNPEP_10
3	202005557	202006143	RNPEP_11
3	201982651	201983113	RNPEP_1
3	201988903	201989044	RNPEP_2
3	201989382	201989531	RNPEP_3
3	201997318	201997554	RNPEP_4
3	201999901	202000015	RNPEP_5
3	202001375	202001488	RNPEP_6
3	202001658	202001767	RNPEP_7
3	202003236	202003461	RNPEP_8
3	202004353	202004496	RNPEP_9
3	202005557	202006147	RNPEP_10
3	202009799	202010463	ELF3-AS1_1
3	201995695	202000327	ELF3-AS1_2
3	202007944	202011299	ELF3_1
3	202011956	202012178	ELF3_2
3	202012343	202012436	ELF3_3
3	202012639	202012759	ELF3_4
3	202012946	202013036	ELF3_5
3	202013181	202013298	ELF3_6
3	202013828	202014024	ELF3_7
3	202015208	202016009	ELF3_8
3	202010586	202010820	ELF3_1
3	202011128	202011299	ELF3_2
3	202011956	202012178	ELF3_3
3	202012343	202012436	ELF3_4
3	202012639	202012759	ELF3_5
3	202012946	202013036	ELF3_6
3	202013181	202013298	ELF3_7
3	202013828	202014024	ELF3_8
3	202015208	202016009	ELF3_9
3	202010586	202010706	ELF3_1
3	202011128	202011299	ELF3_2
3	202011956	202012178	ELF3_3
3	202012343	202012436	ELF3_4
3	202012639	202012759	ELF3_5
3	202012946	202013036	ELF3_6
3	202013181	202013298	ELF3_7
3	202013828	202014024	ELF3_8
3	202015208	202017183	ELF3_9
3	202122916	202123593	GPR37L1_1
3	202127740	202133592	GPR37L1_2
3	202144449	202144737	ARL8A_1
3	202138367	202138448	ARL8A_2
3	202137964	202138038	ARL8A_3
3	202135706	202135800	ARL8A_4
3	202135458	202135526	ARL8A_5
3	202135149	202135220	ARL8A_6
3	202133403	202134516	ARL8A_7
3	202144449	202144743	ARL8A_1
3	202138367	202138448	ARL8A_2
3	202137964	202138038	ARL8A_3
3	202135706	202135800	ARL8A_4
3	202135149	202135220	ARL8A_5
3	202133403	202134516	ARL8A_6
3	202159280	202159991	PTPN7_1
3	202158117	202158301	PTPN7_2
3	202157738	202157823	PTPN7_3
3	202155532	202155609	PTPN7_4
3	202154185	202154323	PTPN7_5
3	202153724	202153835	PTPN7_6
3	202152541	202152699	PTPN7_7
3	202150310	202150424	PTPN7_8
3	202147012	202148699	PTPN7_9
3	202160544	202161581	PTPN7_1
3	202159280	202159454	PTPN7_2
3	202158117	202158301	PTPN7_3
3	202157738	202157823	PTPN7_4
3	202155532	202155609	PTPN7_5
3	202154185	202154323	PTPN7_6
3	202153724	202153835	PTPN7_7
3	202152541	202152699	PTPN7_8
3	202150310	202150424	PTPN7_9
3	202147012	202148699	PTPN7_10
3	202160544	202160578	PTPN7_1
3	202159280	202159454	PTPN7_2
3	202158117	202158301	PTPN7_3
3	202153765	202153810	PTPN7_4
3	202193900	202194201	LGR6_1
3	202225422	202225494	LGR6_2
3	202227935	202228007	LGR6_3
3	202235921	202235993	LGR6_4
3	202276305	202276521	LGR6_5
3	202280780	202280852	LGR6_6
3	202297507	202297576	LGR6_7
3	202300848	202300920	LGR6_8
3	202301163	202301235	LGR6_9
3	202303278	202303347	LGR6_10
3	202304558	202304630	LGR6_11
3	202305683	202305749	LGR6_12
3	202306867	202306939	LGR6_13
3	202307329	202307401	LGR6_14
3	202309050	202309176	LGR6_15
3	202310196	202310357	LGR6_16
3	202314801	202314882	LGR6_17
3	202317951	202319781	LGR6_18
3	202203735	202203875	LGR6_1
3	202225422	202225494	LGR6_2
3	202227935	202228007	LGR6_3
3	202235921	202235993	LGR6_4
3	202276305	202276521	LGR6_5
3	202280780	202280852	LGR6_6
3	202297507	202297576	LGR6_7
3	202300848	202300920	LGR6_8
3	202301163	202301235	LGR6_9
3	202303278	202303347	LGR6_10
3	202304558	202304630	LGR6_11
3	202305683	202305749	LGR6_12
3	202306867	202306939	LGR6_13
3	202307329	202307401	LGR6_14
3	202309050	202309176	LGR6_15
3	202310196	202310357	LGR6_16
3	202314801	202314882	LGR6_17
3	202317951	202319781	LGR6_18
3	202214154	202214237	LGR6_1
3	202225422	202225494	LGR6_2
3	202227935	202228007	LGR6_3
3	202235921	202235993	LGR6_4
3	202297507	202297576	LGR6_5
3	202300848	202300920	LGR6_6
3	202301163	202301235	LGR6_7
3	202303278	202303347	LGR6_8
3	202304558	202304630	LGR6_9
3	202305683	202305749	LGR6_10
3	202306867	202306939	LGR6_11
3	202307329	202307401	LGR6_12
3	202309050	202309176	LGR6_13
3	202310196	202310357	LGR6_14
3	202314801	202314882	LGR6_15
3	202317951	202319207	LGR6_16
3	202341894	202341936	UBE2T_1
3	202335645	202335818	UBE2T_2
3	202334988	202335058	UBE2T_3
3	202333449	202333555	UBE2T_4
3	202333236	202333335	UBE2T_5
3	202333009	202333093	UBE2T_6
3	202331656	202331960	UBE2T_7
3	202348698	202349142	PPP1R12B_1
3	202416786	202416917	PPP1R12B_2
3	202422619	202422738	PPP1R12B_3
3	202425565	202425725	PPP1R12B_4
3	202427039	202427184	PPP1R12B_5
3	202428854	202428929	PPP1R12B_6
3	202430730	202430810	PPP1R12B_7
3	202431479	202431619	PPP1R12B_8
3	202434655	202434768	PPP1R12B_9
3	202437820	202438024	PPP1R12B_10
3	202440705	202440788	PPP1R12B_11
3	202442446	202442572	PPP1R12B_12
3	202448988	202449171	PPP1R12B_13
3	202488532	202488623	PPP1R12B_14
3	202493113	202493317	PPP1R12B_15
3	202495292	202495482	PPP1R12B_16
3	202495569	202495682	PPP1R12B_17
3	202496780	202496822	PPP1R12B_18
3	202558876	202558893	PPP1R12B_19
3	202562777	202562922	PPP1R12B_20
3	202564442	202564547	PPP1R12B_21
3	202567777	202567831	PPP1R12B_22
3	202569146	202569197	PPP1R12B_23
3	202580473	202592702	PPP1R12B_24
3	202348698	202349142	PPP1R12B_1
3	202416786	202416917	PPP1R12B_2
3	202422619	202422738	PPP1R12B_3
3	202425565	202425725	PPP1R12B_4
3	202427039	202427184	PPP1R12B_5
3	202428854	202428929	PPP1R12B_6
3	202430730	202430810	PPP1R12B_7
3	202431479	202431619	PPP1R12B_8
3	202434655	202434768	PPP1R12B_9
3	202437820	202438024	PPP1R12B_10
3	202440705	202440788	PPP1R12B_11
3	202442446	202442572	PPP1R12B_12
3	202445045	202445228	PPP1R12B_13
3	202448988	202449171	PPP1R12B_14
3	202488532	202488623	PPP1R12B_15
3	202493113	202493317	PPP1R12B_16
3	202495292	202495482	PPP1R12B_17
3	202495569	202495682	PPP1R12B_18
3	202496780	202496822	PPP1R12B_19
3	202558876	202558893	PPP1R12B_20
3	202562777	202562922	PPP1R12B_21
3	202564442	202564547	PPP1R12B_22
3	202567777	202567831	PPP1R12B_23
3	202569146	202569197	PPP1R12B_24
3	202580473	202592706	PPP1R12B_25
3	202348719	202349142	PPP1R12B_1
3	202416786	202416917	PPP1R12B_2
3	202422619	202422738	PPP1R12B_3
3	202425565	202425725	PPP1R12B_4
3	202427039	202427184	PPP1R12B_5
3	202428854	202428929	PPP1R12B_6
3	202430730	202430810	PPP1R12B_7
3	202431479	202431619	PPP1R12B_8
3	202434655	202434768	PPP1R12B_9
3	202437820	202438242	PPP1R12B_10
3	202348727	202349142	PPP1R12B_1
3	202416786	202416917	PPP1R12B_2
3	202422619	202422738	PPP1R12B_3
3	202425565	202425725	PPP1R12B_4
3	202427039	202427184	PPP1R12B_5
3	202428854	202428929	PPP1R12B_6
3	202430730	202430810	PPP1R12B_7
3	202431479	202431619	PPP1R12B_8
3	202437820	202438242	PPP1R12B_9
3	202462742	202463097	PPP1R12B_1
3	202488532	202488623	PPP1R12B_2
3	202493113	202493317	PPP1R12B_3
3	202495292	202495482	PPP1R12B_4
3	202495569	202495682	PPP1R12B_5
3	202496780	202496822	PPP1R12B_6
3	202558876	202558893	PPP1R12B_7
3	202562777	202562922	PPP1R12B_8
3	202564442	202564547	PPP1R12B_9
3	202567777	202567831	PPP1R12B_10
3	202569146	202569197	PPP1R12B_11
3	202575001	202575182	PPP1R12B_12
3	202580473	202581152	PPP1R12B_13
3	202462742	202463097	PPP1R12B_1
3	202488532	202488623	PPP1R12B_2
3	202493113	202493317	PPP1R12B_3
3	202495292	202495482	PPP1R12B_4
3	202495569	202495682	PPP1R12B_5
3	202496780	202496822	PPP1R12B_6
3	202558876	202558893	PPP1R12B_7
3	202562777	202562922	PPP1R12B_8
3	202564442	202564547	PPP1R12B_9
3	202567777	202567831	PPP1R12B_10
3	202569146	202569197	PPP1R12B_11
3	202580473	202581152	PPP1R12B_12
3	202539839	202540241	PPP1R12B_1
3	202558876	202558893	PPP1R12B_2
3	202562777	202562922	PPP1R12B_3
3	202564442	202564547	PPP1R12B_4
3	202567777	202567831	PPP1R12B_5
3	202569146	202569197	PPP1R12B_6
3	202580473	202580577	PPP1R12B_7
3	202643277	202643453	SYT2_1
3	202605594	202605789	SYT2_2
3	202604454	202604621	SYT2_3
3	202602998	202603118	SYT2_4
3	202602377	202602545	SYT2_5
3	202601889	202602057	SYT2_6
3	202600356	202600474	SYT2_7
3	202599217	202599351	SYT2_8
3	202590595	202596963	SYT2_9
3	202710257	202710454	SYT2_1
3	202605594	202605789	SYT2_2
3	202604454	202604621	SYT2_3
3	202602998	202603118	SYT2_4
3	202602377	202602545	SYT2_5
3	202601889	202602057	SYT2_6
3	202600356	202600474	SYT2_7
3	202599217	202599351	SYT2_8
3	202590595	202596963	SYT2_9
3	202808101	202808421	KDM5B_1
3	202777016	202777094	KDM5B_2
3	202774612	202774735	KDM5B_3
3	202773117	202773288	KDM5B_4
3	202766925	202767060	KDM5B_5
3	202764048	202764145	KDM5B_6
3	202762698	202762808	KDM5B_7
3	202760414	202760573	KDM5B_8
3	202758390	202758510	KDM5B_9
3	202756357	202756516	KDM5B_10
3	202755270	202755452	KDM5B_11
3	202752904	202753067	KDM5B_12
3	202750658	202750778	KDM5B_13
3	202748944	202749139	KDM5B_14
3	202746141	202746323	KDM5B_15
3	202745857	202745982	KDM5B_16
3	202742654	202742805	KDM5B_17
3	202742390	202742505	KDM5B_18
3	202741366	202741722	KDM5B_19
3	202740673	202740812	KDM5B_20
3	202736212	202736392	KDM5B_21
3	202735428	202735587	KDM5B_22
3	202733400	202733886	KDM5B_23
3	202731827	202731939	KDM5B_24
3	202730908	202731063	KDM5B_25
3	202729706	202730027	KDM5B_26
3	202724494	202729173	KDM5B_27
3	202808101	202808473	KDM5B_1
3	202777016	202777094	KDM5B_2
3	202774612	202774735	KDM5B_3
3	202773117	202773288	KDM5B_4
3	202766925	202767060	KDM5B_5
3	202764048	202764145	KDM5B_6
3	202762698	202762808	KDM5B_7
3	202760414	202760573	KDM5B_8
3	202758390	202758510	KDM5B_9
3	202756357	202756516	KDM5B_10
3	202755270	202755452	KDM5B_11
3	202752904	202753067	KDM5B_12
3	202750658	202750778	KDM5B_13
3	202748944	202749139	KDM5B_14
3	202746141	202746323	KDM5B_15
3	202745857	202745982	KDM5B_16
3	202742654	202742805	KDM5B_17
3	202742390	202742505	KDM5B_18
3	202741366	202741722	KDM5B_19
3	202740673	202740812	KDM5B_20
3	202736212	202736392	KDM5B_21
3	202735428	202735587	KDM5B_22
3	202733400	202733886	KDM5B_23
3	202731827	202731939	KDM5B_24
3	202730908	202731063	KDM5B_25
3	202724886	202730027	KDM5B_26
3	202808101	202808481	KDM5B_1
3	202777016	202777094	KDM5B_2
3	202774612	202774735	KDM5B_3
3	202773117	202773288	KDM5B_4
3	202766925	202767060	KDM5B_5
3	202766396	202766504	KDM5B_6
3	202764048	202764145	KDM5B_7
3	202762698	202762808	KDM5B_8
3	202760414	202760573	KDM5B_9
3	202758390	202758510	KDM5B_10
3	202756357	202756516	KDM5B_11
3	202755270	202755452	KDM5B_12
3	202752904	202753067	KDM5B_13
3	202750658	202750778	KDM5B_14
3	202748944	202749139	KDM5B_15
3	202746141	202746323	KDM5B_16
3	202745857	202745982	KDM5B_17
3	202742654	202742805	KDM5B_18
3	202742390	202742505	KDM5B_19
3	202741366	202741722	KDM5B_20
3	202740673	202740812	KDM5B_21
3	202736212	202736392	KDM5B_22
3	202735428	202735587	KDM5B_23
3	202733400	202733886	KDM5B_24
3	202731827	202731939	KDM5B_25
3	202730908	202731063	KDM5B_26
3	202729706	202730027	KDM5B_27
3	202727434	202729173	KDM5B_28
3	202808101	202808416	KDM5B_1
3	202777016	202777094	KDM5B_2
3	202774612	202774735	KDM5B_3
3	202773117	202773288	KDM5B_4
3	202764048	202764145	KDM5B_5
3	202762698	202762808	KDM5B_6
3	202760414	202760573	KDM5B_7
3	202758390	202758510	KDM5B_8
3	202756357	202756516	KDM5B_9
3	202755270	202755452	KDM5B_10
3	202752904	202753067	KDM5B_11
3	202750658	202750778	KDM5B_12
3	202748944	202749139	KDM5B_13
3	202746141	202746323	KDM5B_14
3	202745857	202745982	KDM5B_15
3	202742654	202742805	KDM5B_16
3	202742390	202742505	KDM5B_17
3	202741366	202741722	KDM5B_18
3	202740673	202740812	KDM5B_19
3	202736212	202736392	KDM5B_20
3	202735428	202735587	KDM5B_21
3	202733400	202733886	KDM5B_22
3	202731827	202731939	KDM5B_23
3	202730908	202731063	KDM5B_24
3	202729706	202730027	KDM5B_25
3	202727444	202729173	KDM5B_26
3	202808101	202808481	KDM5B_1
3	202777016	202777094	KDM5B_2
3	202774612	202774735	KDM5B_3
3	202773117	202773288	KDM5B_4
3	202766925	202767060	KDM5B_5
3	202764048	202764145	KDM5B_6
3	202762698	202762808	KDM5B_7
3	202760414	202760573	KDM5B_8
3	202758390	202758510	KDM5B_9
3	202756357	202756516	KDM5B_10
3	202755270	202755452	KDM5B_11
3	202752904	202753067	KDM5B_12
3	202750658	202750778	KDM5B_13
3	202748944	202749139	KDM5B_14
3	202746141	202746323	KDM5B_15
3	202745857	202745982	KDM5B_16
3	202742654	202742805	KDM5B_17
3	202742390	202742505	KDM5B_18
3	202741366	202741722	KDM5B_19
3	202740673	202740812	KDM5B_20
3	202736212	202736392	KDM5B_21
3	202735428	202735587	KDM5B_22
3	202733400	202733886	KDM5B_23
3	202731827	202731939	KDM5B_24
3	202730908	202731063	KDM5B_25
3	202729706	202730027	KDM5B_26
3	202727444	202729474	KDM5B_27
3	202808116	202808487	KDM5B_1
3	202777016	202777094	KDM5B_2
3	202774612	202774735	KDM5B_3
3	202773117	202773288	KDM5B_4
3	202766925	202767060	KDM5B_5
3	202764048	202764145	KDM5B_6
3	202762698	202762808	KDM5B_7
3	202760414	202760573	KDM5B_8
3	202758390	202758510	KDM5B_9
3	202756357	202756516	KDM5B_10
3	202755270	202755452	KDM5B_11
3	202752904	202753067	KDM5B_12
3	202750658	202750778	KDM5B_13
3	202748944	202749139	KDM5B_14
3	202746141	202746323	KDM5B_15
3	202745857	202745982	KDM5B_16
3	202742654	202742805	KDM5B_17
3	202742390	202742505	KDM5B_18
3	202741366	202741722	KDM5B_19
3	202740673	202740812	KDM5B_20
3	202736212	202736392	KDM5B_21
3	202735428	202735587	KDM5B_22
3	202733400	202733886	KDM5B_23
3	202731827	202731939	KDM5B_24
3	202730908	202731063	KDM5B_25
3	202729706	202730027	KDM5B_26
3	202727447	202729173	KDM5B_27
3	202808101	202808421	KDM5B_1
3	202777016	202777094	KDM5B_2
3	202773117	202773288	KDM5B_3
3	202766925	202767060	KDM5B_4
3	202764048	202764145	KDM5B_5
3	202762698	202762808	KDM5B_6
3	202760414	202760573	KDM5B_7
3	202758390	202758510	KDM5B_8
3	202756357	202756516	KDM5B_9
3	202755270	202755452	KDM5B_10
3	202752904	202753067	KDM5B_11
3	202750658	202750778	KDM5B_12
3	202748944	202749139	KDM5B_13
3	202746141	202746323	KDM5B_14
3	202745857	202745982	KDM5B_15
3	202742654	202742805	KDM5B_16
3	202742390	202742505	KDM5B_17
3	202741366	202741722	KDM5B_18
3	202740673	202740812	KDM5B_19
3	202736212	202736392	KDM5B_20
3	202735428	202735587	KDM5B_21
3	202733400	202733886	KDM5B_22
3	202731827	202731939	KDM5B_23
3	202730908	202731063	KDM5B_24
3	202729706	202730027	KDM5B_25
3	202727674	202729103	KDM5B_26
3	202808101	202808470	KDM5B_1
3	202777016	202777094	KDM5B_2
3	202773117	202773288	KDM5B_3
3	202766925	202767060	KDM5B_4
3	202764048	202764145	KDM5B_5
3	202762698	202762808	KDM5B_6
3	202760414	202760573	KDM5B_7
3	202758390	202758510	KDM5B_8
3	202756357	202756516	KDM5B_9
3	202755270	202755452	KDM5B_10
3	202752904	202753067	KDM5B_11
3	202750658	202750778	KDM5B_12
3	202748944	202749139	KDM5B_13
3	202746141	202746323	KDM5B_14
3	202745857	202745982	KDM5B_15
3	202742654	202742805	KDM5B_16
3	202742390	202742505	KDM5B_17
3	202741366	202741722	KDM5B_18
3	202740673	202740812	KDM5B_19
3	202736212	202736392	KDM5B_20
3	202735428	202735587	KDM5B_21
3	202733400	202733886	KDM5B_22
3	202731827	202731939	KDM5B_23
3	202730908	202731063	KDM5B_24
3	202729706	202730027	KDM5B_25
3	202728290	202729173	KDM5B_26
3	202808101	202808487	KDM5B_1
3	202777016	202777094	KDM5B_2
3	202774612	202774735	KDM5B_3
3	202770096	202773288	KDM5B_4
3	202808101	202808439	KDM5B_1
3	202777016	202777094	KDM5B_2
3	202774612	202774735	KDM5B_3
3	202770925	202773053	KDM5B_4
3	202810954	202811370	PCAT6_1
3	202811574	202811912	PCAT6_2
3	202888972	202889149	RABIF_1
3	202878281	202881223	RABIF_2
3	202909009	202909161	KLHL12_1
3	202896853	202896960	KLHL12_2
3	202895521	202895717	KLHL12_3
3	202894590	202894749	KLHL12_4
3	202894183	202894282	KLHL12_5
3	202891115	202892659	KLHL12_6
3	202927088	202927234	KLHL12_1
3	202924967	202925207	KLHL12_2
3	202919754	202919908	KLHL12_3
3	202918170	202918388	KLHL12_4
3	202911053	202911203	KLHL12_5
3	202909009	202909124	KLHL12_6
3	202896853	202896960	KLHL12_7
3	202895521	202895717	KLHL12_8
3	202894590	202894749	KLHL12_9
3	202894183	202894282	KLHL12_10
3	202893238	202893425	KLHL12_11
3	202891119	202892659	KLHL12_12
3	202958184	202958312	ADIPOR1_1
3	202950929	202951164	ADIPOR1_2
3	202948303	202948420	ADIPOR1_3
3	202946438	202946610	ADIPOR1_4
3	202944982	202945169	ADIPOR1_5
3	202943757	202943945	ADIPOR1_6
3	202942024	202942218	ADIPOR1_7
3	202940831	202941701	ADIPOR1_8
3	202958184	202958264	ADIPOR1_1
3	202950929	202951164	ADIPOR1_2
3	202948303	202948420	ADIPOR1_3
3	202946438	202946610	ADIPOR1_4
3	202943757	202943863	ADIPOR1_5
3	202942024	202942218	ADIPOR1_6
3	202941489	202941701	ADIPOR1_7
3	202967190	202967257	CYB5R1_1
3	202966748	202966898	CYB5R1_2
3	202966527	202966600	CYB5R1_3
3	202965886	202965993	CYB5R1_4
3	202965370	202965500	CYB5R1_5
3	202964611	202964695	CYB5R1_6
3	202963641	202963727	CYB5R1_7
3	202963065	202963165	CYB5R1_8
3	202961872	202962699	CYB5R1_9
3	203007373	203007574	TMEM183A_1
3	203007773	203007863	TMEM183A_2
3	203008642	203008810	TMEM183A_3
3	203014888	203015048	TMEM183A_4
3	203015959	203016140	TMEM183A_5
3	203018480	203018561	TMEM183A_6
3	203020792	203020948	TMEM183A_7
3	203022854	203024848	TMEM183A_8
3	203026497	203026625	PPFIA4_1
3	203038609	203039242	PPFIA4_2
3	203043396	203043498	PPFIA4_3
3	203043930	203044095	PPFIA4_4
3	203044378	203044453	PPFIA4_5
3	203044695	203044785	PPFIA4_6
3	203045367	203045559	PPFIA4_7
3	203045840	203045987	PPFIA4_8
3	203046247	203046382	PPFIA4_9
3	203048226	203048310	PPFIA4_10
3	203048582	203048714	PPFIA4_11
3	203049675	203049767	PPFIA4_12
3	203051768	203051877	PPFIA4_13
3	203053752	203053961	PPFIA4_14
3	203055431	203055672	PPFIA4_15
3	203056119	203056155	PPFIA4_16
3	203056374	203056508	PPFIA4_17
3	203056783	203056950	PPFIA4_18
3	203059177	203059271	PPFIA4_19
3	203059769	203059851	PPFIA4_20
3	203060216	203060417	PPFIA4_21
3	203060969	203061032	PPFIA4_22
3	203061651	203061678	PPFIA4_23
3	203063827	203064003	PPFIA4_24
3	203067694	203067792	PPFIA4_25
3	203068452	203068628	PPFIA4_26
3	203071691	203071760	PPFIA4_27
3	203075576	203075757	PPFIA4_28
3	203076340	203078736	PPFIA4_29
3	203034483	203034589	PPFIA4_1
3	203034702	203034780	PPFIA4_2
3	203035238	203035322	PPFIA4_3
3	203035558	203035640	PPFIA4_4
3	203037173	203037202	PPFIA4_5
3	203038946	203039242	PPFIA4_6
3	203043396	203043498	PPFIA4_7
3	203043930	203044095	PPFIA4_8
3	203044378	203044453	PPFIA4_9
3	203044695	203044785	PPFIA4_10
3	203045367	203045559	PPFIA4_11
3	203045840	203045987	PPFIA4_12
3	203046247	203046382	PPFIA4_13
3	203048226	203048310	PPFIA4_14
3	203048570	203048714	PPFIA4_15
3	203048917	203048980	PPFIA4_16
3	203049675	203049767	PPFIA4_17
3	203051768	203051877	PPFIA4_18
3	203053752	203053961	PPFIA4_19
3	203055431	203055672	PPFIA4_20
3	203056119	203056155	PPFIA4_21
3	203056374	203056508	PPFIA4_22
3	203056783	203056950	PPFIA4_23
3	203059177	203059271	PPFIA4_24
3	203059769	203059851	PPFIA4_25
3	203060216	203060417	PPFIA4_26
3	203060969	203061032	PPFIA4_27
3	203063827	203064003	PPFIA4_28
3	203067694	203067792	PPFIA4_29
3	203068452	203068628	PPFIA4_30
3	203071691	203071760	PPFIA4_31
3	203075576	203075757	PPFIA4_32
3	203076340	203078735	PPFIA4_33
3	203034483	203034589	PPFIA4_1
3	203034702	203034780	PPFIA4_2
3	203035238	203035322	PPFIA4_3
3	203035558	203035640	PPFIA4_4
3	203037173	203037202	PPFIA4_5
3	203038946	203039242	PPFIA4_6
3	203043396	203043498	PPFIA4_7
3	203043930	203044095	PPFIA4_8
3	203044378	203044453	PPFIA4_9
3	203044695	203044785	PPFIA4_10
3	203045367	203045559	PPFIA4_11
3	203045840	203045987	PPFIA4_12
3	203046247	203046382	PPFIA4_13
3	203048226	203048310	PPFIA4_14
3	203048570	203048714	PPFIA4_15
3	203048917	203048980	PPFIA4_16
3	203049675	203049767	PPFIA4_17
3	203051768	203051877	PPFIA4_18
3	203053795	203053860	PPFIA4_19
3	203054057	203054123	PPFIA4_20
3	203055431	203055672	PPFIA4_21
3	203056119	203056155	PPFIA4_22
3	203056374	203056508	PPFIA4_23
3	203056783	203056950	PPFIA4_24
3	203059177	203059271	PPFIA4_25
3	203059769	203059851	PPFIA4_26
3	203060216	203060417	PPFIA4_27
3	203060969	203061032	PPFIA4_28
3	203061651	203061678	PPFIA4_29
3	203063827	203064003	PPFIA4_30
3	203067694	203067792	PPFIA4_31
3	203068452	203068628	PPFIA4_32
3	203071691	203071760	PPFIA4_33
3	203075576	203075757	PPFIA4_34
3	203076340	203078740	PPFIA4_35
3	203051182	203051877	PPFIA4_1
3	203053752	203053961	PPFIA4_2
3	203055431	203055672	PPFIA4_3
3	203056119	203056155	PPFIA4_4
3	203056374	203056508	PPFIA4_5
3	203056783	203056950	PPFIA4_6
3	203059177	203059271	PPFIA4_7
3	203059769	203059851	PPFIA4_8
3	203060216	203060417	PPFIA4_9
3	203060969	203061032	PPFIA4_10
3	203061651	203061678	PPFIA4_11
3	203063827	203064003	PPFIA4_12
3	203067694	203067792	PPFIA4_13
3	203068452	203068628	PPFIA4_14
3	203071691	203071760	PPFIA4_15
3	203075576	203075757	PPFIA4_16
3	203076340	203078736	PPFIA4_17
3	203051239	203051877	PPFIA4_1
3	203053752	203053961	PPFIA4_2
3	203055431	203055672	PPFIA4_3
3	203056119	203056155	PPFIA4_4
3	203056374	203056508	PPFIA4_5
3	203056783	203056950	PPFIA4_6
3	203059177	203059271	PPFIA4_7
3	203059769	203059851	PPFIA4_8
3	203060216	203060417	PPFIA4_9
3	203060969	203061032	PPFIA4_10
3	203063827	203064003	PPFIA4_11
3	203067694	203067792	PPFIA4_12
3	203068452	203068628	PPFIA4_13
3	203071691	203071760	PPFIA4_14
3	203075576	203075757	PPFIA4_15
3	203076340	203076953	PPFIA4_16
3	203085490	203086012	MYOG_1
3	203084646	203084728	MYOG_2
3	203083128	203084031	MYOG_3
3	203090653	203090734	ADORA1_1
3	203091692	203091710	ADORA1_2
3	203127828	203127928	ADORA1_3
3	203128277	203128432	ADORA1_4
3	203128784	203129182	ADORA1_5
3	203165260	203167404	ADORA1_6
3	203127064	203127928	ADORA1_1
3	203128784	203129182	ADORA1_2
3	203165260	203167405	ADORA1_3
3	203127707	203127928	ADORA1_1
3	203128784	203129182	ADORA1_2
3	203165055	203165089	ADORA1_3
3	203127725	203127928	ADORA1_1
3	203128277	203128432	ADORA1_2
3	203128784	203129182	ADORA1_3
3	203165260	203167405	ADORA1_4
3	203128305	203128432	ADORA1_1
3	203128784	203129182	ADORA1_2
3	203165055	203166749	ADORA1_3
3	203128372	203128432	ADORA1_1
3	203165260	203166062	ADORA1_2
3	203175550	203175783	MYBPH_1
3	203175326	203175461	MYBPH_2
3	203174429	203174597	MYBPH_3
3	203171951	203172040	MYBPH_4
3	203171382	203171578	MYBPH_5
3	203171060	203171200	MYBPH_6
3	203170290	203170450	MYBPH_7
3	203169267	203169389	MYBPH_8
3	203169257	203169266	MYBPH_9
3	203169252	203169256	MYBPH_10
3	203168905	203169091	MYBPH_11
3	203168626	203168675	MYBPH_12
3	203167810	203168091	MYBPH_13
3	203175550	203175826	MYBPH_1
3	203175326	203175461	MYBPH_2
3	203174429	203174597	MYBPH_3
3	203171951	203172040	MYBPH_4
3	203171382	203171578	MYBPH_5
3	203171060	203171200	MYBPH_6
3	203170290	203170450	MYBPH_7
3	203169252	203169389	MYBPH_8
3	203168905	203169092	MYBPH_9
3	203168626	203168675	MYBPH_10
3	203167810	203168091	MYBPH_11
3	203186598	203186704	CHI3L1_1
3	203186315	203186345	CHI3L1_2
3	203185183	203185385	CHI3L1_3
3	203184575	203184632	CHI3L1_4
3	203183640	203183791	CHI3L1_5
3	203182730	203182852	CHI3L1_6
3	203181161	203181285	CHI3L1_7
3	203180469	203180652	CHI3L1_8
3	203179760	203179877	CHI3L1_9
3	203178930	203179585	CHI3L1_10
3	203229611	203229673	CHIT1_1
3	203228532	203228562	CHIT1_2
3	203225668	203225870	CHIT1_3
3	203225047	203225104	CHIT1_4
3	203223494	203223660	CHIT1_5
3	203223134	203223259	CHIT1_6
3	203222201	203222325	CHIT1_7
3	203219663	203219849	CHIT1_8
3	203219215	203219329	CHIT1_9
3	203217738	203217865	CHIT1_10
3	203216078	203217133	CHIT1_11
3	203229611	203229671	CHIT1_1
3	203228532	203228562	CHIT1_2
3	203225668	203225870	CHIT1_3
3	203223494	203223660	CHIT1_4
3	203223134	203223259	CHIT1_5
3	203222201	203222325	CHIT1_6
3	203219663	203219849	CHIT1_7
3	203219215	203219329	CHIT1_8
3	203217738	203217865	CHIT1_9
3	203216669	203217133	CHIT1_10
3	203305518	203305748	BTG2_1
3	203307103	203309602	BTG2_2
3	203351032	203351122	FMOD_1
3	203347291	203348277	FMOD_2
3	203340627	203342494	FMOD_3
3	203351667	203351758	FMOD_1
3	203347291	203348056	FMOD_2
3	203340660	203342494	FMOD_3
3	203475805	203475938	PRELP_1
3	203483168	203484157	PRELP_2
3	203486705	203491352	PRELP_3
3	203494152	203494217	OPTC_1
3	203495964	203496236	OPTC_2
3	203496976	203497115	OPTC_3
3	203498680	203498839	OPTC_4
3	203499648	203499851	OPTC_5
3	203502913	203503009	OPTC_6
3	203503549	203503745	OPTC_7
3	203508645	203508949	OPTC_8
3	203626560	203627219	ATP2B4_1
3	203682741	203683398	ATP2B4_2
3	203698156	203698354	ATP2B4_3
3	203699459	203699717	ATP2B4_4
3	203700205	203700331	ATP2B4_5
3	203700797	203700923	ATP2B4_6
3	203702043	203702079	ATP2B4_7
3	203703651	203703813	ATP2B4_8
3	203707008	203707223	ATP2B4_9
3	203707861	203708104	ATP2B4_10
3	203709300	203709542	ATP2B4_11
3	203710876	203711108	ATP2B4_12
3	203711959	203712139	ATP2B4_13
3	203713164	203713252	ATP2B4_14
3	203714170	203714277	ATP2B4_15
3	203720548	203720740	ATP2B4_16
3	203721196	203721410	ATP2B4_17
3	203722477	203722689	ATP2B4_18
3	203723880	203723988	ATP2B4_19
3	203727394	203727571	ATP2B4_20
3	203739545	203744081	ATP2B4_21
3	203626786	203627219	ATP2B4_1
3	203682741	203683398	ATP2B4_2
3	203698156	203698354	ATP2B4_3
3	203699459	203699717	ATP2B4_4
3	203700205	203700331	ATP2B4_5
3	203700797	203700923	ATP2B4_6
3	203702043	203702079	ATP2B4_7
3	203703651	203703813	ATP2B4_8
3	203707008	203707223	ATP2B4_9
3	203707861	203708104	ATP2B4_10
3	203709300	203709542	ATP2B4_11
3	203710876	203711108	ATP2B4_12
3	203711959	203712139	ATP2B4_13
3	203713164	203713252	ATP2B4_14
3	203714170	203714277	ATP2B4_15
3	203720548	203720740	ATP2B4_16
3	203721196	203721410	ATP2B4_17
3	203722477	203722689	ATP2B4_18
3	203723880	203723988	ATP2B4_19
3	203727394	203727571	ATP2B4_20
3	203733222	203733400	ATP2B4_21
3	203739545	203744079	ATP2B4_22
3	203682808	203683398	ATP2B4_1
3	203698156	203698354	ATP2B4_2
3	203699459	203699717	ATP2B4_3
3	203700205	203700331	ATP2B4_4
3	203700797	203700923	ATP2B4_5
3	203702043	203702079	ATP2B4_6
3	203703651	203703813	ATP2B4_7
3	203707008	203707223	ATP2B4_8
3	203707861	203708104	ATP2B4_9
3	203709300	203709542	ATP2B4_10
3	203710876	203711108	ATP2B4_11
3	203711959	203712139	ATP2B4_12
3	203713164	203713252	ATP2B4_13
3	203714170	203714277	ATP2B4_14
3	203720548	203720740	ATP2B4_15
3	203721196	203721410	ATP2B4_16
3	203722477	203722689	ATP2B4_17
3	203723880	203723988	ATP2B4_18
3	203727394	203727571	ATP2B4_19
3	203733222	203733400	ATP2B4_20
3	203739545	203740319	ATP2B4_21
3	203729580	203729705	SNORA77_1
3	203765176	203765383	LAX1_1
3	203770827	203770937	LAX1_2
3	203771366	203771477	LAX1_3
3	203772067	203772147	LAX1_4
3	203773874	203774722	LAX1_5
3	203765182	203765654	LAX1_1
3	203770827	203770937	LAX1_2
3	203771366	203771477	LAX1_3
3	203772067	203772147	LAX1_4
3	203773874	203776372	LAX1_5
3	203795659	203795794	ZC3H11A_1
3	203801574	203803016	ZC3H11A_2
3	203816925	203817124	ZC3H11A_3
3	203818569	203818689	ZC3H11A_4
3	203828298	203828422	ZC3H11A_5
3	203829450	203829654	ZC3H11A_6
3	203829779	203829896	ZC3H11A_7
3	203830122	203830203	ZC3H11A_8
3	203831660	203831771	ZC3H11A_9
3	203833790	203833853	ZC3H11A_10
3	203837965	203838064	ZC3H11A_11
3	203840305	203840374	ZC3H11A_12
3	203847183	203847687	ZC3H11A_13
3	203848330	203848407	ZC3H11A_14
3	203849710	203850026	ZC3H11A_15
3	203850514	203850681	ZC3H11A_16
3	203851056	203851124	ZC3H11A_17
3	203852140	203854121	ZC3H11A_18
3	203795670	203795794	ZC3H11A_1
3	203796292	203796601	ZC3H11A_2
3	203801574	203801628	ZC3H11A_3
3	203802651	203803016	ZC3H11A_4
3	203816925	203817124	ZC3H11A_5
3	203818569	203818689	ZC3H11A_6
3	203828298	203828422	ZC3H11A_7
3	203829450	203829654	ZC3H11A_8
3	203829779	203829896	ZC3H11A_9
3	203830122	203830203	ZC3H11A_10
3	203831660	203831771	ZC3H11A_11
3	203833790	203833853	ZC3H11A_12
3	203837965	203838064	ZC3H11A_13
3	203840305	203840374	ZC3H11A_14
3	203847183	203847687	ZC3H11A_15
3	203848330	203848407	ZC3H11A_16
3	203849710	203850026	ZC3H11A_17
3	203850514	203850681	ZC3H11A_18
3	203851056	203851124	ZC3H11A_19
3	203852140	203852420	ZC3H11A_20
3	203795694	203795775	ZC3H11A_1
3	203796450	203803016	ZC3H11A_2
3	203816925	203817124	ZC3H11A_3
3	203818569	203818689	ZC3H11A_4
3	203828298	203828422	ZC3H11A_5
3	203829450	203829654	ZC3H11A_6
3	203829779	203829896	ZC3H11A_7
3	203830122	203830203	ZC3H11A_8
3	203831660	203831771	ZC3H11A_9
3	203833790	203833853	ZC3H11A_10
3	203837965	203838064	ZC3H11A_11
3	203840305	203840374	ZC3H11A_12
3	203847183	203847687	ZC3H11A_13
3	203848330	203848407	ZC3H11A_14
3	203849710	203850026	ZC3H11A_15
3	203850514	203850681	ZC3H11A_16
3	203851056	203851124	ZC3H11A_17
3	203852140	203854999	ZC3H11A_18
3	203795698	203795775	ZC3H11A_1
3	203796292	203796496	ZC3H11A_2
3	203801574	203801628	ZC3H11A_3
3	203802956	203803016	ZC3H11A_4
3	203816925	203817124	ZC3H11A_5
3	203818569	203818689	ZC3H11A_6
3	203828298	203828422	ZC3H11A_7
3	203829450	203829654	ZC3H11A_8
3	203829779	203829896	ZC3H11A_9
3	203830122	203830203	ZC3H11A_10
3	203831660	203831771	ZC3H11A_11
3	203833790	203833853	ZC3H11A_12
3	203837965	203838064	ZC3H11A_13
3	203840305	203840374	ZC3H11A_14
3	203847183	203847687	ZC3H11A_15
3	203848330	203848407	ZC3H11A_16
3	203849710	203850026	ZC3H11A_17
3	203850514	203850681	ZC3H11A_18
3	203851056	203851124	ZC3H11A_19
3	203852140	203852430	ZC3H11A_20
3	203795705	203795794	ZC3H11A_1
3	203796292	203796496	ZC3H11A_2
3	203801574	203801628	ZC3H11A_3
3	203802651	203803016	ZC3H11A_4
3	203816925	203817124	ZC3H11A_5
3	203818569	203818689	ZC3H11A_6
3	203828298	203828422	ZC3H11A_7
3	203829450	203829654	ZC3H11A_8
3	203829779	203829896	ZC3H11A_9
3	203830122	203830203	ZC3H11A_10
3	203831660	203831771	ZC3H11A_11
3	203833790	203833853	ZC3H11A_12
3	203837965	203838064	ZC3H11A_13
3	203840305	203840374	ZC3H11A_14
3	203847183	203847687	ZC3H11A_15
3	203848330	203848407	ZC3H11A_16
3	203849710	203850026	ZC3H11A_17
3	203850514	203850681	ZC3H11A_18
3	203851056	203851124	ZC3H11A_19
3	203852140	203854124	ZC3H11A_20
3	203795713	203803016	ZBED6_1
3	203816925	203817124	ZBED6_2
3	203818569	203818689	ZBED6_3
3	203828298	203828422	ZBED6_4
3	203829450	203829654	ZBED6_5
3	203829779	203829896	ZBED6_6
3	203830122	203830203	ZBED6_7
3	203831660	203831771	ZBED6_8
3	203833790	203833853	ZBED6_9
3	203837965	203838064	ZBED6_10
3	203840305	203840374	ZBED6_11
3	203847183	203847687	ZBED6_12
3	203848330	203848407	ZBED6_13
3	203849710	203850026	ZBED6_14
3	203850514	203850681	ZBED6_15
3	203851056	203851124	ZBED6_16
3	203852140	203854999	ZBED6_17
3	203799334	203803016	ZBED6_1
3	203816925	203817124	ZBED6_2
3	203818569	203818689	ZBED6_3
3	203828298	203828422	ZBED6_4
3	203829450	203829654	ZBED6_5
3	203829779	203829896	ZBED6_6
3	203830122	203830203	ZBED6_7
3	203831660	203831771	ZBED6_8
3	203833790	203833853	ZBED6_9
3	203837965	203838064	ZBED6_10
3	203840305	203840374	ZBED6_11
3	203847183	203847687	ZBED6_12
3	203848330	203848407	ZBED6_13
3	203849710	203850026	ZBED6_14
3	203850514	203850681	ZBED6_15
3	203851056	203851124	ZBED6_16
3	203852140	203854118	ZBED6_17
3	203861598	203861713	SNRPE_1
3	203862195	203862222	SNRPE_2
3	203863662	203863725	SNRPE_3
3	203865040	203865119	SNRPE_4
3	203869876	203871152	SNRPE_5
3	203863624	203863725	SNRPE_1
3	203865040	203865119	SNRPE_2
3	203869876	203870051	SNRPE_3
3	204073114	204073711	SOX13_1
3	204112914	204113134	SOX13_2
3	204114320	204114432	SOX13_3
3	204114518	204114605	SOX13_4
3	204116506	204116679	SOX13_5
3	204117121	204117190	SOX13_6
3	204117592	204117707	SOX13_7
3	204121899	204121985	SOX13_8
3	204122236	204122399	SOX13_9
3	204122853	204122963	SOX13_10
3	204123111	204123208	SOX13_11
3	204123660	204123804	SOX13_12
3	204124640	204124857	SOX13_13
3	204125857	204127743	SOX13_14
3	204112915	204113134	SOX13_1
3	204114320	204114432	SOX13_2
3	204114518	204114605	SOX13_3
3	204116506	204116679	SOX13_4
3	204117121	204117190	SOX13_5
3	204117592	204117707	SOX13_6
3	204121899	204121985	SOX13_7
3	204122236	204122399	SOX13_8
3	204122853	204122963	SOX13_9
3	204123111	204123208	SOX13_10
3	204123660	204123804	SOX13_11
3	204124640	204124857	SOX13_12
3	204125857	204127741	SOX13_13
3	204151594	204151894	ETNK2_1
3	204149702	204149962	ETNK2_2
3	204146641	204146764	ETNK2_3
3	204141314	204141457	ETNK2_4
3	204140034	204140118	ETNK2_5
3	204137103	204137249	ETNK2_6
3	204134514	204134694	ETNK2_7
3	204131061	204132256	ETNK2_8
3	204151594	204152044	ETNK2_1
3	204149702	204149962	ETNK2_2
3	204146641	204146764	ETNK2_3
3	204141314	204141457	ETNK2_4
3	204140034	204140118	ETNK2_5
3	204137103	204137249	ETNK2_6
3	204134514	204134588	ETNK2_7
3	204131061	204132256	ETNK2_8
3	204141024	204141262	ETNK2_1
3	204140034	204140118	ETNK2_2
3	204137103	204137249	ETNK2_3
3	204134514	204134588	ETNK2_4
3	204131955	204132256	ETNK2_5
3	204141407	204141476	ERLNC1_1
3	204141564	204142260	ERLNC1_2
3	204142648	204143009	ERLNC1_3
3	204141407	204142260	ERLNC1_1
3	204142648	204143327	ERLNC1_2
3	204166195	204166337	REN_1
3	204162012	204162163	REN_2
3	204161291	204161415	REN_3
3	204160559	204160678	REN_4
3	204159398	204159595	REN_5
3	204157360	204157369	REN_6
3	204156676	204156796	REN_7
3	204156177	204156319	REN_8
3	204155819	204155918	REN_9
3	204154818	204155177	REN_10
3	204190231	204190324	REN_1
3	204173837	204173920	REN_2
3	204172506	204172617	REN_3
3	204162012	204162163	REN_4
3	204161291	204161415	REN_5
3	204160559	204160678	REN_6
3	204159398	204159595	REN_7
3	204157360	204157369	REN_8
3	204156676	204156796	REN_9
3	204156177	204156319	REN_10
3	204155819	204155918	REN_11
3	204154937	204155177	REN_12
3	204196375	204196491	KISS1_1
3	204192773	204192914	KISS1_2
3	204190340	204190797	KISS1_3
3	204192773	204192876	KISS1_1
3	204190486	204190797	KISS1_2
3	204190461	204190482	KISS1_3
3	204213881	204213988	GOLT1A_1
3	204202895	204202987	GOLT1A_2
3	204201632	204201811	GOLT1A_3
3	204199194	204199258	GOLT1A_4
3	204198162	204198496	GOLT1A_5
3	204359693	204359929	PLEKHA6_1
3	204274728	204274809	PLEKHA6_2
3	204273625	204273740	PLEKHA6_3
3	204268207	204268312	PLEKHA6_4
3	204267474	204267547	PLEKHA6_5
3	204264941	204265042	PLEKHA6_6
3	204261305	204261448	PLEKHA6_7
3	204259257	204259740	PLEKHA6_8
3	204257352	204257869	PLEKHA6_9
3	204250545	204250614	PLEKHA6_10
3	204249183	204249264	PLEKHA6_11
3	204248820	204248970	PLEKHA6_12
3	204247364	204247460	PLEKHA6_13
3	204245614	204245726	PLEKHA6_14
3	204244863	204245003	PLEKHA6_15
3	204241684	204241814	PLEKHA6_16
3	204241374	204241481	PLEKHA6_17
3	204230412	204230586	PLEKHA6_18
3	204228936	204229104	PLEKHA6_19
3	204228727	204228861	PLEKHA6_20
3	204228082	204228228	PLEKHA6_21
3	204223461	204223585	PLEKHA6_22
3	204218852	204222779	PLEKHA6_23
3	204307336	204307395	PLEKHA6_1
3	204274728	204274809	PLEKHA6_2
3	204273625	204273740	PLEKHA6_3
3	204268207	204268312	PLEKHA6_4
3	204267474	204267547	PLEKHA6_5
3	204264941	204265042	PLEKHA6_6
3	204261305	204261448	PLEKHA6_7
3	204259257	204259740	PLEKHA6_8
3	204257352	204257869	PLEKHA6_9
3	204256801	204256888	PLEKHA6_10
3	204255625	204255679	PLEKHA6_11
3	204251530	204251611	PLEKHA6_12
3	204250545	204250614	PLEKHA6_13
3	204249183	204249264	PLEKHA6_14
3	204248820	204248970	PLEKHA6_15
3	204247364	204247460	PLEKHA6_16
3	204245614	204245726	PLEKHA6_17
3	204244863	204245003	PLEKHA6_18
3	204243113	204243263	PLEKHA6_19
3	204241684	204241814	PLEKHA6_20
3	204241374	204241481	PLEKHA6_21
3	204230412	204230586	PLEKHA6_22
3	204228936	204229104	PLEKHA6_23
3	204228727	204228861	PLEKHA6_24
3	204228082	204228228	PLEKHA6_25
3	204223461	204223585	PLEKHA6_26
3	204220755	204222779	PLEKHA6_27
3	204359693	204359916	PLEKHA6_1
3	204274728	204274809	PLEKHA6_2
3	204273625	204273740	PLEKHA6_3
3	204268207	204268312	PLEKHA6_4
3	204267474	204267547	PLEKHA6_5
3	204264941	204265042	PLEKHA6_6
3	204261305	204261508	PLEKHA6_7
3	204259257	204259740	PLEKHA6_8
3	204257352	204257869	PLEKHA6_9
3	204250545	204250614	PLEKHA6_10
3	204249183	204249264	PLEKHA6_11
3	204248820	204248970	PLEKHA6_12
3	204247364	204247460	PLEKHA6_13
3	204245614	204245726	PLEKHA6_14
3	204244863	204245003	PLEKHA6_15
3	204241684	204241814	PLEKHA6_16
3	204241374	204241481	PLEKHA6_17
3	204230412	204230586	PLEKHA6_18
3	204228936	204229104	PLEKHA6_19
3	204228727	204228861	PLEKHA6_20
3	204228082	204228228	PLEKHA6_21
3	204223461	204223585	PLEKHA6_22
3	204221220	204222779	PLEKHA6_23
3	204409491	204411817	PPP1R15B_1
3	204403380	204406313	PPP1R15B_2
3	204490067	204490424	PIK3C2B_1
3	204489815	204489931	PIK3C2B_2
3	204468869	204469886	PIK3C2B_3
3	204465218	204465319	PIK3C2B_4
3	204464449	204464604	PIK3C2B_5
3	204464011	204464132	PIK3C2B_6
3	204460549	204460661	PIK3C2B_7
3	204460323	204460403	PIK3C2B_8
3	204459877	204459941	PIK3C2B_9
3	204457727	204457874	PIK3C2B_10
3	204457036	204457070	PIK3C2B_11
3	204455855	204456051	PIK3C2B_12
3	204454668	204454791	PIK3C2B_13
3	204449849	204450017	PIK3C2B_14
3	204449184	204449296	PIK3C2B_15
3	204447435	204447578	PIK3C2B_16
3	204445955	204446144	PIK3C2B_17
3	204444330	204444424	PIK3C2B_18
3	204444067	204444162	PIK3C2B_19
3	204443416	204443597	PIK3C2B_20
3	204442525	204442633	PIK3C2B_21
3	204441470	204441563	PIK3C2B_22
3	204440191	204440321	PIK3C2B_23
3	204438934	204439071	PIK3C2B_24
3	204434438	204434608	PIK3C2B_25
3	204433792	204433949	PIK3C2B_26
3	204433315	204433425	PIK3C2B_27
3	204432199	204432401	PIK3C2B_28
3	204431668	204431793	PIK3C2B_29
3	204429920	204430038	PIK3C2B_30
3	204428138	204428220	PIK3C2B_31
3	204427647	204427754	PIK3C2B_32
3	204425612	204425741	PIK3C2B_33
3	204422627	204425040	PIK3C2B_34
3	204490067	204490346	PIK3C2B_1
3	204489815	204489931	PIK3C2B_2
3	204468869	204469886	PIK3C2B_3
3	204465218	204465319	PIK3C2B_4
3	204464449	204464604	PIK3C2B_5
3	204464011	204464132	PIK3C2B_6
3	204460549	204460661	PIK3C2B_7
3	204460323	204460403	PIK3C2B_8
3	204459877	204459941	PIK3C2B_9
3	204457727	204457874	PIK3C2B_10
3	204457036	204457070	PIK3C2B_11
3	204455855	204456051	PIK3C2B_12
3	204454668	204454791	PIK3C2B_13
3	204449849	204450017	PIK3C2B_14
3	204449184	204449296	PIK3C2B_15
3	204447435	204447578	PIK3C2B_16
3	204446086	204446144	PIK3C2B_17
3	204445955	204446002	PIK3C2B_18
3	204444330	204444424	PIK3C2B_19
3	204444067	204444162	PIK3C2B_20
3	204443416	204443597	PIK3C2B_21
3	204442525	204442633	PIK3C2B_22
3	204441470	204441563	PIK3C2B_23
3	204440191	204440321	PIK3C2B_24
3	204438934	204439071	PIK3C2B_25
3	204434438	204434608	PIK3C2B_26
3	204433792	204433949	PIK3C2B_27
3	204433315	204433425	PIK3C2B_28
3	204432199	204432401	PIK3C2B_29
3	204431668	204431793	PIK3C2B_30
3	204429920	204430038	PIK3C2B_31
3	204428138	204428220	PIK3C2B_32
3	204427647	204427754	PIK3C2B_33
3	204425612	204425741	PIK3C2B_34
3	204422629	204425040	PIK3C2B_35
3	204516378	204516509	MDM4_1
3	204525483	204525596	MDM4_2
3	204537458	204537497	MDM4_3
3	204538208	204538308	MDM4_4
3	204542783	204542944	MDM4_5
3	204544534	204544684	MDM4_6
3	204546796	204546877	MDM4_7
3	204549112	204558119	MDM4_8
3	204516378	204516509	MDM4_1
3	204525483	204525596	MDM4_2
3	204526359	204526434	MDM4_3
3	204530683	204530817	MDM4_4
3	204532190	204532246	MDM4_5
3	204546796	204546877	MDM4_6
3	204549112	204558119	MDM4_7
3	204516378	204516509	MDM4_1
3	204525483	204525596	MDM4_2
3	204526359	204526434	MDM4_3
3	204530683	204530817	MDM4_4
3	204532190	204532246	MDM4_5
3	204538208	204538308	MDM4_6
3	204542783	204542944	MDM4_7
3	204544534	204544684	MDM4_8
3	204546796	204546877	MDM4_9
3	204549112	204558119	MDM4_10
3	204516378	204516509	MDM4_1
3	204525483	204525596	MDM4_2
3	204549265	204558119	MDM4_3
3	204516378	204516509	MDM4_1
3	204525483	204525596	MDM4_2
3	204526359	204526434	MDM4_3
3	204546796	204546877	MDM4_4
3	204549112	204558119	MDM4_5
3	204516378	204516509	MDM4_1
3	204525483	204525596	MDM4_2
3	204526359	204526434	MDM4_3
3	204530683	204530817	MDM4_4
3	204532190	204532246	MDM4_5
3	204537429	204537497	MDM4_6
3	204538208	204538308	MDM4_7
3	204542783	204542944	MDM4_8
3	204546796	204546877	MDM4_9
3	204549112	204558119	MDM4_10
3	204516405	204516509	MDM4_1
3	204525483	204525596	MDM4_2
3	204526359	204526434	MDM4_3
3	204530683	204530817	MDM4_4
3	204532190	204532246	MDM4_5
3	204537458	204537497	MDM4_6
3	204538208	204538308	MDM4_7
3	204542783	204542944	MDM4_8
3	204544534	204544684	MDM4_9
3	204546796	204546877	MDM4_10
3	204549112	204552028	MDM4_11
3	204552537	204554200	MDM4_12
3	204516405	204516509	MDM4_1
3	204525483	204525596	MDM4_2
3	204526359	204526434	MDM4_3
3	204530683	204530817	MDM4_4
3	204532190	204532246	MDM4_5
3	204537429	204537497	MDM4_6
3	204538208	204538308	MDM4_7
3	204542783	204542944	MDM4_8
3	204544534	204544684	MDM4_9
3	204546796	204546877	MDM4_10
3	204549112	204558120	MDM4_11
3	204525489	204525596	MDM4_1
3	204526359	204526434	MDM4_2
3	204530683	204530817	MDM4_3
3	204532190	204532246	MDM4_4
3	204532768	204532819	MDM4_5
3	204536917	204537041	MDM4_6
3	204525518	204525596	MDM4_1
3	204526359	204526434	MDM4_2
3	204530683	204530817	MDM4_3
3	204532190	204532246	MDM4_4
3	204538208	204538308	MDM4_5
3	204546796	204546834	MDM4_6
3	204617169	204622205	LRRN2_1
3	204685319	204685353	LRRN2_1
3	204682869	204682997	LRRN2_2
3	204617169	204620218	LRRN2_3
3	204685319	204685738	LRRN2_1
3	204617169	204620218	LRRN2_2
3	204828653	204828782	NFASC_1
3	204920631	204920740	NFASC_2
3	204944225	204944406	NFASC_3
3	204950556	204950574	NFASC_4
3	204952010	204952116	NFASC_5
3	204954187	204954384	NFASC_6
3	204954828	204954951	NFASC_7
3	204957655	204957826	NFASC_8
3	204968248	204968360	NFASC_9
3	204968797	204968982	NFASC_10
3	204970615	204970747	NFASC_11
3	204973275	204973419	NFASC_12
3	204974178	204974290	NFASC_13
3	204974656	204974823	NFASC_14
3	204975270	204975418	NFASC_15
3	204976670	204976795	NFASC_16
3	204977680	204977725	NFASC_17
3	204978967	204979069	NFASC_18
3	204979361	204979559	NFASC_19
3	204980369	204980440	NFASC_20
3	204981797	204982020	NFASC_21
3	204987417	204987540	NFASC_22
3	204988632	204988806	NFASC_23
3	204991291	204991306	NFASC_24
3	204997169	204997406	NFASC_25
3	205001169	205001286	NFASC_26
3	205002595	205002748	NFASC_27
3	205009556	205009688	NFASC_28
3	205012796	205012866	NFASC_29
3	205016307	205022821	NFASC_30
3	204828653	204828782	NFASC_1
3	204920631	204920740	NFASC_2
3	204944225	204944406	NFASC_3
3	204952010	204952116	NFASC_4
3	204954187	204954384	NFASC_5
3	204954828	204954951	NFASC_6
3	204957655	204957826	NFASC_7
3	204962107	204962158	NFASC_8
3	204968248	204968360	NFASC_9
3	204968797	204968982	NFASC_10
3	204970615	204970747	NFASC_11
3	204973275	204973419	NFASC_12
3	204974178	204974290	NFASC_13
3	204974656	204974823	NFASC_14
3	204975270	204975418	NFASC_15
3	204976670	204976795	NFASC_16
3	204978967	204979069	NFASC_17
3	204979361	204979559	NFASC_18
3	204980369	204980440	NFASC_19
3	204981797	204982020	NFASC_20
3	204984026	204984142	NFASC_21
3	204985909	204986114	NFASC_22
3	204987417	204987540	NFASC_23
3	204988632	204988806	NFASC_24
3	204991291	204991306	NFASC_25
3	205009556	205009688	NFASC_26
3	205012796	205012866	NFASC_27
3	205016307	205022821	NFASC_28
3	204828653	204828782	NFASC_1
3	204920631	204920740	NFASC_2
3	204944225	204944406	NFASC_3
3	204952010	204952116	NFASC_4
3	204954187	204954384	NFASC_5
3	204954828	204954951	NFASC_6
3	204957655	204957826	NFASC_7
3	204962107	204962158	NFASC_8
3	204968248	204968360	NFASC_9
3	204968797	204968982	NFASC_10
3	204970615	204970747	NFASC_11
3	204973275	204973419	NFASC_12
3	204974178	204974290	NFASC_13
3	204974656	204974823	NFASC_14
3	204975270	204975418	NFASC_15
3	204976670	204976795	NFASC_16
3	204978967	204979069	NFASC_17
3	204979361	204979559	NFASC_18
3	204980369	204980440	NFASC_19
3	204981797	204982020	NFASC_20
3	204984026	204984142	NFASC_21
3	204985909	204986114	NFASC_22
3	204987417	204987540	NFASC_23
3	204988632	204988806	NFASC_24
3	205009556	205009688	NFASC_25
3	205012796	205012866	NFASC_26
3	205016307	205022821	NFASC_27
3	204828694	204828782	NFASC_1
3	204920631	204920740	NFASC_2
3	204944225	204944406	NFASC_3
3	204950556	204950574	NFASC_4
3	204952010	204952116	NFASC_5
3	204954187	204954384	NFASC_6
3	204954828	204954951	NFASC_7
3	204957655	204957826	NFASC_8
3	204968248	204968360	NFASC_9
3	204968797	204968982	NFASC_10
3	204970615	204970747	NFASC_11
3	204973275	204973419	NFASC_12
3	204974178	204974290	NFASC_13
3	204974656	204974823	NFASC_14
3	204975270	204975418	NFASC_15
3	204976670	204977139	NFASC_16
3	204870830	204871053	NFASC_1
3	204920631	204920740	NFASC_2
3	204944225	204944406	NFASC_3
3	204952010	204952116	NFASC_4
3	204954187	204954384	NFASC_5
3	204954828	204954951	NFASC_6
3	204957655	204957826	NFASC_7
3	204968248	204968360	NFASC_8
3	204968797	204968982	NFASC_9
3	204970615	204970747	NFASC_10
3	204973275	204973419	NFASC_11
3	204974178	204974290	NFASC_12
3	204974656	204974823	NFASC_13
3	204975270	204975418	NFASC_14
3	204976670	204976795	NFASC_15
3	204978967	204979069	NFASC_16
3	204979361	204979559	NFASC_17
3	204980369	204980440	NFASC_18
3	204981797	204982020	NFASC_19
3	204984026	204984142	NFASC_20
3	204985909	204986114	NFASC_21
3	204987417	204987540	NFASC_22
3	204988632	204988806	NFASC_23
3	204991291	204991306	NFASC_24
3	205009556	205009688	NFASC_25
3	205012796	205012866	NFASC_26
3	205016307	205018371	NFASC_27
3	204920631	204920740	NFASC_1
3	204944225	204944406	NFASC_2
3	204950556	204950574	NFASC_3
3	204952010	204952116	NFASC_4
3	204954187	204954384	NFASC_5
3	204954828	204954951	NFASC_6
3	204957655	204957826	NFASC_7
3	204968248	204968360	NFASC_8
3	204968797	204968982	NFASC_9
3	204970615	204970747	NFASC_10
3	204973275	204973419	NFASC_11
3	204974178	204974290	NFASC_12
3	204974656	204974823	NFASC_13
3	204975270	204975418	NFASC_14
3	204976670	204976795	NFASC_15
3	204977680	204977725	NFASC_16
3	204978967	204979069	NFASC_17
3	204979361	204979559	NFASC_18
3	204980369	204980440	NFASC_19
3	204981797	204982020	NFASC_20
3	204987417	204987540	NFASC_21
3	204988632	204988806	NFASC_22
3	204991291	204991306	NFASC_23
3	204997169	204997406	NFASC_24
3	205001169	205001286	NFASC_25
3	205002595	205002748	NFASC_26
3	205009556	205009688	NFASC_27
3	205012796	205012866	NFASC_28
3	205016307	205022822	NFASC_29
3	204944225	204944406	NFASC_1
3	204952010	204952116	NFASC_2
3	204954187	204954384	NFASC_3
3	204954828	204954951	NFASC_4
3	204957655	204957826	NFASC_5
3	204962107	204962158	NFASC_6
3	204968248	204968360	NFASC_7
3	204968797	204968982	NFASC_8
3	204970615	204970747	NFASC_9
3	204973275	204973419	NFASC_10
3	204974178	204974290	NFASC_11
3	204974656	204974823	NFASC_12
3	204975270	204975418	NFASC_13
3	204976670	204976795	NFASC_14
3	204978967	204979069	NFASC_15
3	204979361	204979559	NFASC_16
3	204980369	204980440	NFASC_17
3	204981797	204982020	NFASC_18
3	204984026	204984142	NFASC_19
3	204985909	204986114	NFASC_20
3	204987417	204987540	NFASC_21
3	204988632	204988806	NFASC_22
3	204991291	204991306	NFASC_23
3	205009556	205009688	NFASC_24
3	205012796	205012866	NFASC_25
3	205016307	205018371	NFASC_26
3	204944250	204944406	NFASC_1
3	204952010	204952116	NFASC_2
3	204954187	204954384	NFASC_3
3	204954828	204954951	NFASC_4
3	204957655	204957826	NFASC_5
3	204962107	204962158	NFASC_6
3	204968248	204968360	NFASC_7
3	204968797	204968982	NFASC_8
3	204970615	204970747	NFASC_9
3	204973275	204973419	NFASC_10
3	204974178	204974290	NFASC_11
3	204974656	204974823	NFASC_12
3	204975270	204975418	NFASC_13
3	204976670	204976795	NFASC_14
3	204978967	204979069	NFASC_15
3	204979361	204979559	NFASC_16
3	204980369	204980440	NFASC_17
3	204981797	204982020	NFASC_18
3	204984026	204984142	NFASC_19
3	204985909	204986114	NFASC_20
3	204987417	204987540	NFASC_21
3	204988632	204988806	NFASC_22
3	205009556	205009688	NFASC_23
3	205012796	205012866	NFASC_24
3	205016307	205016938	NFASC_25
3	205042967	205043042	CNTN2_1
3	205053099	205053255	CNTN2_2
3	205057920	205058065	CNTN2_3
3	205058180	205058356	CNTN2_4
3	205058567	205058663	CNTN2_5
3	205059083	205059293	CNTN2_6
3	205059582	205059682	CNTN2_7
3	205061244	205061420	CNTN2_8
3	205061864	205062001	CNTN2_9
3	205062439	205062569	CNTN2_10
3	205064321	205064472	CNTN2_11
3	205064622	205064750	CNTN2_12
3	205065086	205065262	CNTN2_13
3	205065788	205065909	CNTN2_14
3	205066440	205066599	CNTN2_15
3	205067100	205067250	CNTN2_16
3	205069490	205069561	CNTN2_17
3	205069826	205070061	CNTN2_18
3	205070425	205070538	CNTN2_19
3	205071946	205072133	CNTN2_20
3	205072482	205072595	CNTN2_21
3	205073067	205073236	CNTN2_22
3	205073655	205074928	CNTN2_23
3	205043195	205043394	CNTN2_1
3	205053099	205053255	CNTN2_2
3	205057920	205058065	CNTN2_3
3	205058180	205058356	CNTN2_4
3	205058567	205058663	CNTN2_5
3	205059083	205059293	CNTN2_6
3	205059582	205059682	CNTN2_7
3	205061244	205061420	CNTN2_8
3	205061864	205062001	CNTN2_9
3	205062439	205062569	CNTN2_10
3	205064321	205064472	CNTN2_11
3	205064622	205064750	CNTN2_12
3	205065086	205065262	CNTN2_13
3	205065788	205065909	CNTN2_14
3	205066440	205066599	CNTN2_15
3	205067100	205067250	CNTN2_16
3	205069490	205069561	CNTN2_17
3	205069826	205070061	CNTN2_18
3	205070425	205070538	CNTN2_19
3	205071946	205072133	CNTN2_20
3	205072482	205072595	CNTN2_21
3	205073067	205073236	CNTN2_22
3	205074096	205074944	CNTN2_23
3	205043211	205043394	CNTN2_1
3	205053099	205053255	CNTN2_2
3	205057920	205058065	CNTN2_3
3	205058180	205058356	CNTN2_4
3	205058567	205058663	CNTN2_5
3	205059083	205059293	CNTN2_6
3	205059582	205059682	CNTN2_7
3	205061244	205061420	CNTN2_8
3	205061864	205062001	CNTN2_9
3	205062439	205062569	CNTN2_10
3	205064321	205064472	CNTN2_11
3	205064622	205064750	CNTN2_12
3	205065086	205065262	CNTN2_13
3	205065788	205065909	CNTN2_14
3	205066440	205066599	CNTN2_15
3	205067100	205067250	CNTN2_16
3	205069490	205069561	CNTN2_17
3	205069826	205070061	CNTN2_18
3	205070425	205070538	CNTN2_19
3	205071946	205072133	CNTN2_20
3	205072482	205072595	CNTN2_21
3	205073067	205073236	CNTN2_22
3	205073655	205078289	CNTN2_23
3	205083128	205084460	TMEM81_1
3	205121854	205121978	RBBP5_1
3	205115857	205115883	RBBP5_2
3	205114788	205114961	RBBP5_3
3	205105027	205105168	RBBP5_4
3	205103856	205104019	RBBP5_5
3	205101599	205101709	RBBP5_6
3	205100151	205100271	RBBP5_7
3	205099910	205100064	RBBP5_8
3	205099740	205099812	RBBP5_9
3	205098988	205099106	RBBP5_10
3	205097325	205097395	RBBP5_11
3	205096681	205096911	RBBP5_12
3	205094872	205095064	RBBP5_13
3	205086141	205088815	RBBP5_14
3	205121854	205122015	RBBP5_1
3	205115857	205115883	RBBP5_2
3	205114788	205114961	RBBP5_3
3	205105027	205105168	RBBP5_4
3	205103856	205104019	RBBP5_5
3	205101599	205101709	RBBP5_6
3	205100151	205100271	RBBP5_7
3	205099910	205100064	RBBP5_8
3	205099740	205099812	RBBP5_9
3	205098988	205099106	RBBP5_10
3	205097325	205097395	RBBP5_11
3	205096681	205096911	RBBP5_12
3	205094986	205095064	RBBP5_13
3	205086141	205088815	RBBP5_14
3	205187417	205187806	DSTYK_2
3	205169162	205169832	DSTYK_3
3	205163722	205163955	DSTYK_4
3	205162922	205163006	DSTYK_5
3	205162035	205162212	DSTYK_6
3	205161257	205161387	DSTYK_7
3	205160113	205160270	DSTYK_8
3	205159546	205159679	DSTYK_9
3	205157272	205157386	DSTYK_10
3	205150679	205150794	DSTYK_11
3	205142504	205147745	DSTYK_12
3	205187417	205187806	DSTYK_2
3	205169162	205169832	DSTYK_3
3	205163722	205163955	DSTYK_4
3	205162922	205163006	DSTYK_5
3	205162035	205162212	DSTYK_6
3	205161257	205161387	DSTYK_7
3	205160113	205160270	DSTYK_8
3	205159546	205159679	DSTYK_9
3	205157272	205157386	DSTYK_10
3	205150679	205150794	DSTYK_11
3	205148204	205148339	DSTYK_12
3	205142504	205147745	DSTYK_13
3	205173036	205173393	DSTYK_1
3	205163722	205163751	DSTYK_2
3	205162922	205163006	DSTYK_3
3	205162035	205162212	DSTYK_4
3	205161257	205161387	DSTYK_5
3	205160005	205160270	DSTYK_6
